timestamp,armW,memW,g3dW,kfcW,temperature,dumb
1463528893,0.931000,0.149048,0.072240,0.017220,59000,
1463528893,0.693143,0.094958,0.032580,0.017220,59000,
1463528893,0.015487,0.112988,0.001812,0.115034,59000,
1463528893,0.007288,0.103372,0.001812,0.093541,59000,
1463528894,0.007288,0.093756,0.001812,0.064172,53000,
1463528894,0.200595,0.114190,0.052490,0.156845,53000,
1463528894,1.098097,0.138230,0.075852,0.015990,53000,
1463528895,1.079197,0.115392,0.038915,0.017220,55000,
1463528895,0.902328,0.098564,0.001812,0.017220,55000,
1463528895,1.457488,0.097362,0.002718,0.017220,55000,
1463528895,0.305772,0.094958,0.001812,0.034680,55000,
1463528896,0.007288,0.116594,0.001812,0.113469,54000,
1463528896,0.007288,0.097362,0.001812,0.032934,54000,
1463528896,0.007288,0.097362,0.001812,0.084132,54000,
1463528897,1.158456,0.145442,0.085975,0.040590,58000,
1463528897,0.625328,0.103372,0.078735,0.017220,58000,
1463528897,0.156494,0.127412,0.088690,0.062315,58000,
1463528897,0.452046,0.093756,0.013575,0.080015,58000,
1463528898,0.057771,0.100968,0.001812,0.065714,55000,
1463528898,0.408360,0.096160,0.001812,0.050471,55000,
1463528898,0.050050,0.102170,0.001812,0.091125,55000,
1463528899,0.409116,0.102170,0.001812,0.033210,53000,
1463528899,0.075530,0.093756,0.001812,0.112014,53000,
1463528899,0.337908,0.097362,0.001810,0.017220,53000,
1463528899,0.128800,0.097362,0.001812,0.123585,53000,
1463528900,0.339648,0.098564,0.001810,0.017220,57000,
1463528900,0.492014,0.099766,0.001812,0.088704,57000,
1463528900,0.007288,0.088948,0.001812,0.014175,57000,
1463528901,0.007288,0.090150,0.001812,0.014175,53000,
1463528901,0.007288,0.088948,0.001812,0.013230,53000,
1463528901,0.007288,0.091352,0.001812,0.077330,53000,
1463528901,0.504172,0.098564,0.001812,0.028290,53000,
1463528902,0.032796,0.088948,0.001812,0.020958,53000,
1463528902,0.006377,0.090150,0.001810,0.009450,53000,
1463528902,0.006377,0.088948,0.001812,0.015120,53000,
1463528903,0.006377,0.090150,0.001812,0.014175,55000,
1463528903,0.141664,0.098564,0.001812,0.095424,55000,
1463528903,0.318171,0.092554,0.001812,0.021474,55000,
1463528903,0.239540,0.094958,0.001812,0.026634,55000,
1463528904,0.367472,0.099766,0.001812,0.084703,55000,
1463528904,0.133399,0.093756,0.001812,0.031556,55000,
1463528904,0.391234,0.099766,0.001812,0.086100,55000,
1463528905,0.086597,0.094958,0.001812,0.045000,55000,
1463528905,0.382007,0.098564,0.001812,0.072629,55000,
1463528905,0.128992,0.090150,0.001812,0.014980,55000,
1463528906,0.007288,0.099766,0.001812,0.103887,55000,
1463528906,0.444235,0.093756,0.001812,0.017220,53000,
1463528906,0.023686,0.094958,0.001812,0.032878,53000,
1463528906,0.180480,0.090150,0.001812,0.017970,53000,
1463528907,0.007288,0.102170,0.001812,0.097680,55000,
1463528907,0.539736,0.091352,0.001812,0.017220,55000,
1463528907,0.024597,0.091352,0.001812,0.018900,55000,
1463528908,0.006377,0.090150,0.001812,0.013230,55000,
1463528908,0.006377,0.088948,0.001812,0.014175,52000,
1463528908,0.006377,0.093756,0.001812,0.014175,52000,
1463528908,0.240284,0.097362,0.001812,0.095418,52000,
1463528909,0.216960,0.097362,0.001812,0.030807,55000,
1463528909,0.348348,0.094958,0.001812,0.094770,55000,
1463528909,0.101436,0.098564,0.001812,0.030375,55000,
1463528910,0.392217,0.094958,0.001812,0.091094,55000,
1463528910,0.394362,0.093756,0.001812,0.061550,55000,
1463528910,0.048100,0.099766,0.001812,0.074118,55000,
1463528910,0.408292,0.091352,0.001812,0.047970,55000,
1463528911,0.059540,0.091352,0.001812,0.031527,53000,
1463528911,0.341760,0.099766,0.001812,0.083640,53000,
1463528911,0.188055,0.093756,0.001812,0.016515,53000,
1463528912,0.006377,0.096160,0.001812,0.081844,53000,
1463528912,0.331452,0.100968,0.001812,0.033210,53000,
1463528912,0.091910,0.090150,0.001812,0.025948,53000,
1463528912,0.092500,0.098564,0.001812,0.104013,53000,
1463528913,0.018220,0.090150,0.001812,0.015120,52000,
1463528913,0.006377,0.090150,0.001812,0.014175,52000,
1463528913,0.006377,0.088948,0.001812,0.013230,52000,
1463528914,0.006377,0.088948,0.001812,0.028350,53000,
1463528914,0.310068,0.100968,0.001812,0.086240,53000,
1463528914,0.128369,0.092554,0.001812,0.050670,53000,
1463528914,0.343285,0.099766,0.001812,0.073860,53000,
1463528915,0.084150,0.092554,0.001812,0.057222,55000,
1463528915,0.367875,0.099766,0.001812,0.059088,55000,
1463528915,0.076775,0.093756,0.001812,0.077625,55000,
1463528916,0.418895,0.098564,0.001812,0.034440,55000,
1463528916,0.037351,0.097362,0.001812,0.096836,53000,
1463528916,0.032796,0.094958,0.001812,0.028275,53000,
1463528916,0.141664,0.100968,0.001812,0.094203,53000,
1463528917,0.303050,0.091352,0.001812,0.017370,53000,
1463528917,0.007288,0.098564,0.001812,0.093740,53000,
1463528917,0.517218,0.094958,0.001812,0.017220,53000,
1463528918,0.052838,0.094958,0.001812,0.026600,54000,
1463528918,0.193228,0.098564,0.001812,0.087912,54000,
1463528918,0.222981,0.090150,0.001812,0.015974,54000,
1463528918,0.007288,0.088948,0.001812,0.013230,54000,
1463528919,0.007288,0.088948,0.001812,0.015120,52000,
1463528919,0.006377,0.097362,0.001810,0.047760,52000,
1463528919,0.375578,0.093756,0.001812,0.061550,52000,
1463528920,0.066101,0.100968,0.001812,0.075509,54000,
1463528920,0.396955,0.093756,0.001812,0.040623,54000,
1463528920,0.045178,0.099766,0.001812,0.096750,54000,
1463528920,0.394020,0.094958,0.001812,0.024600,54000,
1463528921,0.090090,0.100968,0.001812,0.098049,54000,
1463528921,0.358904,0.093756,0.001812,0.017220,54000,
1463528921,0.061037,0.099766,0.001812,0.096922,54000,
1463528922,0.446755,0.092554,0.001812,0.018180,52000,
1463528922,0.019131,0.100968,0.001812,0.036777,52000,
1463528922,0.233662,0.092554,0.001812,0.095985,52000,
1463528922,0.007320,0.099766,0.001812,0.095760,52000,
1463528923,0.564300,0.091352,0.001812,0.015496,53000,
1463528923,0.016398,0.091352,0.001812,0.034965,53000,
1463528923,0.313208,0.099766,0.001812,0.085008,53000,
1463528924,0.092414,0.093756,0.001812,0.020653,52000,
1463528924,0.006377,0.090150,0.001812,0.012285,52000,
1463528924,0.006377,0.090150,0.001812,0.010395,52000,
1463528925,0.006377,0.090150,0.001812,0.013230,52000,
1463528925,0.006377,0.091352,0.001812,0.076812,55000,
1463528925,0.420648,0.099766,0.001812,0.027060,55000,
1463528925,0.450192,0.097362,0.001812,0.017220,55000,
1463528926,0.024597,0.094958,0.001812,0.102557,53000,
1463528926,0.468696,0.097362,0.001812,0.017164,53000,
1463528926,0.028241,0.100968,0.001812,0.099528,53000,
1463528927,0.423870,0.093756,0.001812,0.022667,53000,
1463528927,0.082800,0.098564,0.001810,0.093960,55000,
1463528927,0.420036,0.093756,0.001812,0.023160,55000,
1463528927,0.011843,0.093756,0.001810,0.049878,55000,
1463528928,0.278196,0.100968,0.001812,0.078784,53000,
1463528928,0.153716,0.090150,0.001812,0.015990,53000,
1463528928,0.113216,0.099766,0.001812,0.089832,53000,
1463528929,0.461304,0.092554,0.001812,0.014833,53000,
1463528929,0.290826,0.096160,0.001812,0.062781,54000,
1463528929,0.054056,0.091352,0.001812,0.017867,54000,
1463528929,0.007288,0.088948,0.001812,0.013230,54000,
1463528930,0.006377,0.090150,0.001812,0.015120,52000,
1463528930,0.006377,0.088948,0.001812,0.012285,52000,
1463528930,0.006377,0.097362,0.001812,0.088128,52000,
1463528931,0.403970,0.096160,0.001812,0.017220,52000,
1463528931,0.068250,0.099766,0.001812,0.100303,55000,
1463528931,0.438064,0.092554,0.001812,0.019312,55000,
1463528931,0.013665,0.102170,0.001812,0.098728,55000,
1463528932,0.463731,0.092554,0.001812,0.024696,55000,
1463528932,0.323730,0.096160,0.001812,0.038148,55000,
1463528932,0.208992,0.097362,0.001812,0.098577,55000,
1463528933,0.217092,0.092554,0.001812,0.017840,55000,
1463528933,0.007288,0.099766,0.001812,0.092824,53000,
1463528933,0.511494,0.091352,0.001812,0.017895,53000,
1463528933,0.080168,0.098564,0.001812,0.033948,53000,
1463528934,0.229604,0.096160,0.001812,0.087472,53000,
1463528934,0.237795,0.092554,0.001812,0.013080,53000,
1463528934,0.007288,0.097362,0.001812,0.092224,53000,
1463528935,0.319415,0.091352,0.001812,0.030750,53000,
1463528935,0.007288,0.087746,0.001812,0.014175,52000,
1463528935,0.007288,0.087746,0.001812,0.015120,52000,
1463528935,0.006377,0.090150,0.001812,0.016065,52000,
1463528936,0.006377,0.096160,0.001810,0.101549,54000,
1463528936,0.393025,0.098564,0.001812,0.023800,54000,
1463528936,0.064823,0.096160,0.001812,0.093280,54000,
1463528937,0.424576,0.094958,0.001812,0.030108,55000,
1463528937,0.113775,0.099766,0.001812,0.094484,55000,
1463528937,0.348880,0.092554,0.001812,0.030294,55000,
1463528937,0.196042,0.102170,0.001812,0.093632,55000,
1463528938,0.263024,0.094958,0.001812,0.045000,55000,
1463528938,0.292623,0.100968,0.001812,0.080080,55000,
1463528938,0.032095,0.098564,0.001812,0.097774,55000,
1463528939,0.568824,0.094958,0.001812,0.017340,53000,
1463528939,0.020042,0.094958,0.001812,0.057057,53000,
1463528939,0.308465,0.099766,0.001812,0.061550,53000,
1463528939,0.160140,0.090150,0.001812,0.023034,53000,
1463528940,0.090650,0.099766,0.001812,0.085200,53000,
1463528940,0.477816,0.093756,0.001812,0.020196,53000,
1463528940,0.014576,0.090150,0.001812,0.011340,53000,
1463528941,0.007288,0.090150,0.001812,0.014175,52000,
1463528941,0.007288,0.090150,0.001812,0.013230,52000,
1463528941,0.006377,0.098564,0.001812,0.087075,52000,
1463528942,0.488220,0.094958,0.001812,0.017220,52000,
1463528942,0.047430,0.091352,0.001812,0.016354,53000,
1463528942,0.007288,0.090150,0.001812,0.014175,53000,
1463528942,0.006377,0.090150,0.001812,0.016065,53000,
1463528943,0.006377,0.090150,0.001812,0.012285,52000,
1463528943,0.006377,0.087746,0.001812,0.011340,52000,
1463528943,0.006377,0.093756,0.001812,0.020790,52000,
1463528944,0.006377,0.090150,0.001812,0.016065,52000,
1463528944,0.006377,0.090150,0.001812,0.014175,52000,
1463528944,0.006377,0.090150,0.001812,0.015120,52000,
1463528944,0.006377,0.090150,0.001812,0.013230,52000,
1463528945,0.006377,0.088948,0.001812,0.016065,52000,
1463528945,0.006377,0.088948,0.001812,0.015120,52000,
1463528945,0.006377,0.115392,0.001812,0.050085,52000,
1463528946,0.006377,0.090150,0.001812,0.068503,52000,
1463528946,0.006377,0.090150,0.001812,0.014325,52000,
1463528946,0.006377,0.090150,0.001812,0.015120,52000,
1463528947,0.006377,0.100968,0.001812,0.092664,52000,
1463528947,0.345415,0.091352,0.001812,0.020910,53000,
1463528947,0.082859,0.088948,0.001812,0.016660,53000,
1463528947,0.006377,0.088948,0.001812,0.013230,53000,
1463528948,0.006377,0.088948,0.001812,0.014175,52000,
1463528948,0.006377,0.088948,0.001812,0.008505,52000,
1463528948,0.006377,0.090150,0.001812,0.015120,52000,
1463528949,0.006377,0.090150,0.001812,0.020922,52000,
1463528949,0.006377,0.090150,0.001812,0.014175,52000,
1463528949,0.006377,0.088948,0.001812,0.014175,52000,
1463528949,0.006377,0.086544,0.001812,0.013230,52000,
1463528950,0.006377,0.091352,0.001812,0.015120,52000,
1463528950,0.006377,0.090150,0.001812,0.013230,52000,
1463528950,0.006377,0.090150,0.001812,0.010395,52000,
1463528951,0.006377,0.100968,0.001812,0.079326,52000,
1463528951,0.006377,0.098564,0.001810,0.029904,52000,
1463528951,0.006377,0.088948,0.001812,0.014175,52000,
1463528952,0.006377,0.090150,0.001812,0.014175,52000,
1463528952,0.006377,0.097362,0.001812,0.096012,53000,
1463528952,0.483252,0.092554,0.001812,0.018848,53000,
1463528952,0.060970,0.088948,0.001812,0.013230,53000,
1463528953,0.006377,0.090150,0.001812,0.014175,52000,
1463528953,0.006377,0.087746,0.001812,0.013230,52000,
1463528953,0.006377,0.090150,0.001812,0.009450,52000,
1463528954,0.006377,0.090150,0.001812,0.014175,52000,
1463528954,0.006377,0.093756,0.001812,0.023875,52000,
1463528954,0.006377,0.090150,0.001812,0.014175,52000,
1463528954,0.006377,0.090150,0.001812,0.013230,52000,
1463528955,0.006377,0.090150,0.001810,0.015120,52000,
1463528955,0.006377,0.090150,0.001812,0.013230,52000,
1463528955,0.006377,0.090150,0.001812,0.015120,52000,
1463528956,0.006377,0.090150,0.001810,0.009450,52000,
1463528956,0.006377,0.111786,0.001812,0.083166,52000,
1463528956,0.006377,0.086544,0.001810,0.023598,52000,
1463528957,0.006377,0.090150,0.001810,0.013230,52000,
1463528957,0.006377,0.092554,0.001810,0.017955,52000,
1463528957,0.006377,0.100968,0.001812,0.101250,52000,
1463528957,0.398748,0.088948,0.001812,0.015639,52000,
1463528958,0.080696,0.090150,0.001812,0.014175,52000,
1463528958,0.006377,0.088948,0.001812,0.013230,52000,
1463528958,0.006377,0.091352,0.001812,0.014175,52000,
1463528959,0.006377,0.090150,0.001812,0.007560,52000,
1463528959,0.006377,0.090150,0.001812,0.014175,52000,
1463528959,0.006377,0.092554,0.001812,0.021164,52000,
1463528959,0.006377,0.087746,0.001812,0.013230,52000,
1463528960,0.006377,0.088948,0.001812,0.014175,52000,
1463528960,0.006377,0.090150,0.001812,0.013230,52000,
1463528960,0.006377,0.088948,0.001812,0.014175,52000,
1463528961,0.006377,0.088948,0.001812,0.014175,52000,
1463528961,0.006377,0.090150,0.001812,0.014175,52000,
1463528961,0.006377,0.104574,0.001812,0.104857,52000,
1463528961,0.006377,0.098564,0.001812,0.023736,52000,
1463528962,0.006377,0.090150,0.001812,0.014175,52000,
1463528962,0.006377,0.090150,0.001812,0.021735,52000,
1463528962,0.006377,0.096160,0.001812,0.103870,52000,
1463528963,0.309430,0.096160,0.001812,0.017192,52000,
1463528963,0.087970,0.090150,0.001812,0.013230,52000,
1463528963,0.006377,0.090150,0.001812,0.014175,52000,
1463528964,0.006377,0.090150,0.001812,0.013230,52000,
1463528964,0.006377,0.088948,0.001812,0.010395,52000,
1463528964,0.006377,0.088948,0.001812,0.013230,52000,
1463528964,0.006377,0.087746,0.001812,0.013258,52000,
1463528965,0.006377,0.090150,0.001812,0.014175,52000,
1463528965,0.006377,0.088948,0.001812,0.013230,52000,
1463528965,0.006377,0.090150,0.001812,0.014175,52000,
1463528966,0.006377,0.090150,0.001812,0.013230,52000,
1463528966,0.006377,0.090150,0.001812,0.014175,52000,
1463528966,0.006377,0.090150,0.001812,0.012285,52000,
1463528966,0.006377,0.111786,0.001812,0.084800,52000,
1463528967,0.006377,0.088948,0.001812,0.019260,52000,
1463528967,0.006377,0.090150,0.001812,0.014175,52000,
1463528967,0.006377,0.091352,0.001812,0.023625,52000,
1463528968,0.453784,0.099766,0.001812,0.091476,53000,
1463528968,0.061948,0.088948,0.001812,0.015974,53000,
1463528968,0.006377,0.090150,0.001812,0.014175,53000,
1463528969,0.006377,0.091352,0.001812,0.013230,53000,
1463528969,0.006377,0.090150,0.001812,0.011340,52000,
1463528969,0.006377,0.088948,0.001812,0.011340,52000,
1463528969,0.006377,0.088948,0.001812,0.015120,52000,
1463528970,0.006377,0.090150,0.001812,0.014265,52000,
1463528970,0.006377,0.090150,0.001812,0.013230,52000,
1463528970,0.006377,0.088948,0.001812,0.014175,52000,
1463528971,0.006377,0.088948,0.001812,0.013230,52000,
1463528971,0.006377,0.090150,0.001812,0.016065,52000,
1463528971,0.006377,0.088948,0.001812,0.013230,52000,
1463528971,0.006377,0.108180,0.001810,0.009450,52000,
1463528972,0.006377,0.105776,0.001812,0.159155,52000,
1463528972,0.006377,0.091352,0.001812,0.015120,52000,
1463528972,0.006377,0.087746,0.001812,0.014175,52000,
1463528973,0.058275,0.090150,0.001812,0.042398,52000,
1463528973,0.475524,0.097362,0.001812,0.057857,52000,
1463528973,0.008199,0.092554,0.001812,0.019988,52000,
1463528974,0.006377,0.090150,0.001812,0.013230,52000,
1463528974,0.006377,0.091352,0.001812,0.014175,52000,
1463528974,0.006377,0.090150,0.001812,0.010395,52000,
1463528974,0.006377,0.088948,0.001812,0.014175,52000,
1463528975,0.006377,0.093756,0.001812,0.024250,52000,
1463528975,0.006377,0.090150,0.001812,0.014175,52000,
1463528975,0.006377,0.090150,0.001812,0.015120,52000,
1463528976,0.006377,0.087746,0.001812,0.013230,52000,
1463528976,0.006377,0.090150,0.001812,0.014175,52000,
1463528976,0.006377,0.090150,0.001812,0.013230,52000,
1463528977,0.006377,0.090150,0.001812,0.009450,52000,
1463528977,0.006377,0.091352,0.001812,0.026460,52000,
1463528977,0.359917,0.123806,0.001812,0.155526,52000,
1463528977,0.383962,0.099766,0.001812,0.099502,52000,
1463528978,0.098050,0.093756,0.001812,0.023500,53000,
1463528978,0.380090,0.100968,0.001810,0.095742,53000,
1463528978,0.080990,0.093756,0.001812,0.018256,53000,
1463528979,0.007288,0.090150,0.001812,0.014175,53000,
1463528979,0.006377,0.090150,0.001812,0.014175,52000,
1463528979,0.007288,0.088948,0.001810,0.012285,52000,
1463528979,0.019257,0.090150,0.001812,0.042441,52000,
1463528980,0.408618,0.099766,0.001812,0.068936,53000,
1463528980,0.171680,0.097362,0.001812,0.071872,53000,
1463528980,0.306778,0.093756,0.001812,0.045547,53000,
1463528981,0.231594,0.093756,0.001810,0.029520,53000,
1463528981,0.298928,0.102170,0.001812,0.095795,53000,
1463528981,0.162010,0.093756,0.001812,0.017220,53000,
1463528981,0.315536,0.098564,0.001812,0.101250,53000,
1463528982,0.162196,0.092554,0.001812,0.018180,53000,
1463528982,0.007288,0.094958,0.001812,0.032130,53000,
1463528982,0.404352,0.097362,0.001812,0.093555,53000,
1463528983,0.050105,0.092554,0.002718,0.018972,53000,
1463528983,0.413247,0.099766,0.001812,0.087164,56000,
1463528983,0.133584,0.091352,0.001812,0.017895,56000,
1463528983,0.007288,0.098564,0.001812,0.035910,56000,
1463528984,0.075530,0.091352,0.001812,0.016620,53000,
1463528984,0.007288,0.091352,0.001812,0.013230,53000,
1463528984,0.007288,0.090150,0.001812,0.014175,53000,
1463528985,0.007288,0.091352,0.002718,0.014175,53000,
1463528985,0.135140,0.091352,0.001812,0.076664,53000,
1463528985,0.319144,0.100968,0.001812,0.034440,53000,
1463528985,0.218544,0.092554,0.001812,0.102375,53000,
1463528986,0.225342,0.100968,0.001812,0.017220,53000,
1463528986,0.327488,0.093756,0.001812,0.095710,53000,
1463528986,0.109480,0.098564,0.001812,0.017220,53000,
1463528987,0.364182,0.096160,0.001810,0.096750,53000,
1463528987,0.091180,0.097362,0.001812,0.020400,53000,
1463528987,0.120380,0.094958,0.001812,0.015145,53000,
1463528987,0.007288,0.093756,0.001812,0.048600,53000,
1463528988,0.393255,0.099766,0.001812,0.077553,54000,
1463528988,0.021864,0.091352,0.001812,0.024610,54000,
1463528988,0.495670,0.100968,0.001812,0.089528,54000,
1463528989,0.059968,0.092554,0.001812,0.021679,54000,
1463528989,0.007288,0.093756,0.001812,0.055888,53000,
1463528989,0.393015,0.102170,0.001812,0.073860,53000,
1463528989,0.037351,0.091352,0.001812,0.012612,53000,
1463528990,0.007288,0.090150,0.001812,0.012285,53000,
1463528990,0.007288,0.090150,0.001812,0.013230,53000,
1463528990,0.241230,0.097362,0.001812,0.097920,53000,
1463528991,0.205970,0.096160,0.001812,0.017220,53000,
1463528991,0.347028,0.102170,0.001812,0.096922,53000,
1463528991,0.096900,0.093756,0.001812,0.021816,53000,
1463528991,0.402822,0.099766,0.001812,0.092502,53000,
1463528992,0.091924,0.094958,0.001812,0.027048,53000,
1463528992,0.347456,0.099766,0.001812,0.095418,53000,
1463528992,0.061774,0.094958,0.001812,0.032116,53000,
1463528993,0.434583,0.098564,0.001812,0.089540,53000,
1463528993,0.040260,0.090150,0.001812,0.013464,53000,
1463528993,0.027540,0.098564,0.001812,0.076275,53000,
1463528993,0.025508,0.094958,0.001812,0.037555,53000,
1463528994,0.406232,0.096160,0.001812,0.092400,54000,
1463528994,0.064610,0.093756,0.001812,0.013164,54000,
1463528994,0.429571,0.100968,0.001812,0.094869,54000,
1463528995,0.099144,0.091352,0.001812,0.019992,53000,
1463528995,0.007288,0.090150,0.001812,0.014175,53000,
1463528995,0.007288,0.090150,0.001812,0.013230,53000,
1463528995,0.007288,0.090150,0.001812,0.012285,53000,
1463528996,0.007288,0.097362,0.001812,0.022728,53000,
1463528996,0.431955,0.094958,0.001812,0.089936,53000,
1463528996,0.042817,0.094958,0.001812,0.052875,53000,
1463528997,0.062859,0.091352,0.001812,0.067380,55000,
1463528997,0.476976,0.100968,0.001810,0.046778,55000,
1463528997,0.090650,0.092554,0.001812,0.085652,55000,
1463528997,0.372780,0.100968,0.001812,0.028290,55000,
1463528998,0.181390,0.093756,0.001812,0.102557,55000,
1463528998,0.334995,0.100968,0.002718,0.017220,55000,
1463528998,0.007288,0.091352,0.001812,0.031746,55000,
1463528999,0.361064,0.099766,0.001812,0.095418,54000,
1463528999,0.090846,0.094958,0.001812,0.020628,54000,
1463528999,0.007288,0.093756,0.001812,0.054505,54000,
1463528999,0.384516,0.100968,0.001812,0.075091,54000,
1463529000,0.035529,0.091352,0.001812,0.019969,53000,
1463529000,0.429345,0.104574,0.001812,0.104139,53000,
1463529000,0.007288,0.092554,0.001812,0.014175,53000,
1463529001,0.007288,0.090150,0.001812,0.015120,53000,
1463529001,0.007288,0.091352,0.001812,0.014175,53000,
1463529001,0.007288,0.091352,0.001812,0.052052,53000,
1463529002,0.438906,0.099766,0.001812,0.051702,53000,
1463529002,0.025620,0.092554,0.001812,0.085500,53000,
1463529002,0.440995,0.098564,0.001812,0.036900,53000,
1463529002,0.137825,0.096160,0.001812,0.098049,53000,
1463529003,0.367036,0.097362,0.002718,0.017220,56000,
1463529003,0.184786,0.099766,0.001812,0.092414,56000,
1463529003,0.286296,0.099766,0.001812,0.100125,56000,
1463529004,0.205970,0.093756,0.001812,0.017925,56000,
1463529004,0.007288,0.092554,0.001812,0.038745,54000,
1463529004,0.316436,0.097362,0.001810,0.089790,54000,
1463529004,0.081990,0.091352,0.001812,0.019836,54000,
1463529005,0.007304,0.100968,0.001812,0.094276,54000,
1463529005,0.400145,0.094958,0.001812,0.033210,54000,
1463529005,0.017309,0.094958,0.001812,0.033528,54000,
1463529006,0.527184,0.098564,0.002715,0.086170,54000,
1463529006,0.048283,0.092554,0.002718,0.016155,53000,
1463529006,0.007288,0.087746,0.001812,0.014175,53000,
1463529006,0.007288,0.091352,0.001812,0.014175,53000,
1463529007,0.025704,0.098564,0.001810,0.077922,55000,
1463529007,0.552216,0.093756,0.001812,0.024600,55000,
1463529007,0.123424,0.100968,0.001812,0.101430,55000,
1463529008,0.420648,0.093756,0.001812,0.017220,55000,
1463529008,0.208236,0.099766,0.002718,0.094668,56000,
1463529008,0.308151,0.091352,0.001812,0.020604,56000,
1463529008,0.328440,0.091352,0.001812,0.091360,56000,
1463529009,0.157785,0.098564,0.001812,0.028224,54000,
1463529009,0.390572,0.096160,0.001812,0.091884,54000,
1463529009,0.115046,0.098564,0.001812,0.013824,54000,
1463529010,0.147256,0.091352,0.001812,0.088776,54000,
1463529010,0.007288,0.091352,0.002718,0.031185,54000,
1463529010,0.341964,0.099766,0.001812,0.096876,54000,
1463529010,0.119970,0.094958,0.001812,0.014638,54000,
1463529011,0.007288,0.093756,0.001812,0.069759,57000,
1463529011,0.367038,0.098564,0.001812,0.054164,57000,
1463529011,0.048283,0.092554,0.001812,0.018594,57000,
1463529012,0.007288,0.090150,0.001812,0.014175,57000,
1463529012,0.007288,0.090150,0.001812,0.012285,53000,
1463529012,0.007288,0.088948,0.002718,0.011340,53000,
1463529012,0.327901,0.098564,0.001812,0.017164,53000,
1463529013,0.217602,0.099766,0.001812,0.097266,53000,
1463529013,0.235935,0.093756,0.001810,0.022667,53000,
1463529013,0.335104,0.098564,0.001812,0.097524,53000,
1463529014,0.163489,0.092554,0.001812,0.025476,53000,
1463529014,0.356454,0.099766,0.001812,0.092092,54000,
1463529014,0.061908,0.097362,0.002718,0.030591,54000,
1463529014,0.447984,0.099766,0.001812,0.084387,54000,
1463529015,0.066960,0.091352,0.002718,0.023205,54000,
1463529015,0.262988,0.102170,0.001812,0.094786,54000,
1463529015,0.239040,0.092554,0.001812,0.018816,54000,
1463529016,0.007288,0.094958,0.001812,0.039401,54000,
1463529016,0.070455,0.090150,0.001812,0.015162,54000,
1463529016,0.007288,0.102170,0.001812,0.104445,54000,
1463529016,0.342248,0.093756,0.002718,0.018450,54000,
1463529017,0.034618,0.091352,0.001812,0.017640,53000,
1463529017,0.007288,0.090150,0.001812,0.014175,53000,
1463529017,0.007288,0.088948,0.001812,0.013230,53000,
1463529018,0.007288,0.090150,0.001812,0.013230,53000,
1463529018,0.007288,0.090150,0.001812,0.022680,53000,
1463529018,0.387224,0.097362,0.001810,0.095985,53000,
1463529019,0.007288,0.090150,0.001812,0.014175,53000,
1463529019,0.007288,0.090150,0.001812,0.015120,53000,
1463529019,0.007288,0.091352,0.001812,0.013230,53000,
1463529019,0.007288,0.090150,0.001812,0.015120,53000,
1463529020,0.007288,0.088948,0.001810,0.013230,53000,
1463529020,0.007288,0.093756,0.001812,0.025376,53000,
1463529020,0.007288,0.090150,0.001812,0.014175,53000,
1463529021,0.007288,0.090150,0.001810,0.009450,53000,
1463529021,0.007288,0.090150,0.001810,0.014175,53000,
1463529021,0.007288,0.088948,0.001810,0.014175,53000,
1463529021,0.007288,0.088948,0.001810,0.013230,53000,
1463529022,0.007288,0.088948,0.001812,0.017955,53000,
1463529022,0.007288,0.110584,0.001812,0.119995,53000,
1463529022,0.007288,0.093756,0.001812,0.016337,53000,
1463529023,0.007288,0.090150,0.001812,0.013230,53000,
1463529023,0.007288,0.091352,0.001812,0.014175,53000,
1463529023,0.007288,0.091352,0.001812,0.025515,53000,
1463529024,0.300812,0.099766,0.001812,0.096957,53000,
1463529024,0.007288,0.090150,0.001810,0.014175,53000,
1463529024,0.007288,0.088948,0.001812,0.013230,53000,
1463529024,0.007288,0.090150,0.001812,0.014175,53000,
1463529025,0.007288,0.088948,0.001812,0.013230,53000,
1463529025,0.007288,0.090150,0.001810,0.014175,53000,
1463529025,0.007288,0.093756,0.001812,0.022195,53000,
1463529026,0.007288,0.090150,0.001810,0.012285,53000,
1463529026,0.007288,0.090150,0.001812,0.009450,53000,
1463529026,0.006377,0.088948,0.001812,0.015120,53000,
1463529026,0.007288,0.088948,0.001812,0.014175,53000,
1463529027,0.007288,0.088948,0.001812,0.014175,52000,
1463529027,0.006377,0.091352,0.001812,0.028350,52000,
1463529027,0.007288,0.112988,0.001812,0.092966,52000,
1463529028,0.007288,0.088948,0.001812,0.014190,53000,
1463529028,0.007288,0.090150,0.001812,0.015120,53000,
1463529028,0.006377,0.090150,0.001810,0.011340,53000,
1463529029,0.006377,0.093756,0.001810,0.051896,53000,
1463529029,0.409307,0.098564,0.001812,0.067705,53000,
1463529029,0.007288,0.088948,0.001810,0.014175,53000,
1463529029,0.007288,0.091352,0.001810,0.016065,53000,
1463529030,0.007288,0.088948,0.001810,0.014175,53000,
1463529030,0.007288,0.088948,0.001812,0.015120,53000,
1463529030,0.007288,0.091352,0.001812,0.016065,53000,
1463529031,0.007288,0.091352,0.001812,0.023400,53000,
1463529031,0.007288,0.091352,0.001812,0.012285,53000,
1463529031,0.007288,0.088948,0.001812,0.011340,53000,
1463529031,0.007288,0.090150,0.001812,0.013230,53000,
1463529032,0.007288,0.090150,0.001812,0.015120,53000,
1463529032,0.006377,0.091352,0.001812,0.014175,53000,
1463529032,0.007288,0.109382,0.001812,0.046942,53000,
1463529033,0.007288,0.091352,0.001810,0.070804,53000,
1463529033,0.006377,0.091352,0.001812,0.014250,53000,
1463529033,0.007288,0.090150,0.001810,0.014175,53000,
1463529034,0.007288,0.090150,0.001812,0.011340,53000,
1463529034,0.007288,0.090150,0.001812,0.048069,53000,
1463529034,0.072228,0.092554,0.001812,0.011682,53000,
1463529034,0.007288,0.090150,0.001812,0.015120,53000,
1463529035,0.007288,0.088948,0.001812,0.014175,53000,
1463529035,0.007288,0.091352,0.001812,0.014175,53000,
1463529035,0.007288,0.088948,0.001812,0.014175,53000,
1463529036,0.007288,0.090150,0.001812,0.018900,53000,
1463529036,0.007288,0.092554,0.001812,0.017388,53000,
1463529036,0.006377,0.091352,0.001812,0.010395,53000,
1463529036,0.007288,0.090150,0.001812,0.014175,53000,
1463529037,0.007288,0.090150,0.001812,0.014175,53000,
1463529037,0.007288,0.090150,0.001812,0.014175,53000,
1463529037,0.007288,0.091352,0.001812,0.015120,53000,
1463529038,0.006377,0.090150,0.001812,0.053088,53000,
1463529038,0.007288,0.110584,0.001810,0.064560,53000,
1463529038,0.007288,0.090150,0.002715,0.014175,53000,
1463529039,0.007288,0.091352,0.001812,0.011340,53000,
1463529039,0.007288,0.090150,0.001812,0.011340,53000,
1463529039,0.438240,0.097362,0.001810,0.017220,53000,
1463529039,0.024597,0.090150,0.001812,0.013678,53000,
1463529040,0.007288,0.090150,0.001812,0.014175,53000,
1463529040,0.007288,0.088948,0.001812,0.013230,53000,
1463529040,0.007288,0.090150,0.001812,0.015120,53000,
1463529041,0.007288,0.088948,0.001812,0.013230,53000,
1463529041,0.007288,0.092554,0.001812,0.021873,53000,
1463529041,0.007288,0.088948,0.001812,0.013608,53000,
1463529041,0.007288,0.090150,0.001812,0.014175,53000,
1463529042,0.007288,0.091352,0.001812,0.015120,53000,
1463529042,0.007288,0.090150,0.001812,0.014175,53000,
1463529042,0.006377,0.091352,0.001812,0.016065,53000,
1463529043,0.007288,0.088948,0.001812,0.014175,52000,
1463529043,0.007288,0.112988,0.001812,0.102300,52000,
1463529043,0.007288,0.088948,0.001812,0.030968,52000,
1463529044,0.007288,0.090150,0.001812,0.015120,52000,
1463529044,0.007288,0.090150,0.001812,0.008505,53000,
1463529044,0.007288,0.098564,0.001812,0.089870,53000,
1463529044,0.354863,0.092554,0.001812,0.031980,53000,
1463529045,0.021912,0.090150,0.001812,0.018962,53000,
1463529045,0.007288,0.090150,0.001812,0.014175,53000,
1463529045,0.007288,0.090150,0.001812,0.015120,53000,
1463529046,0.007288,0.088948,0.001812,0.013230,53000,
1463529046,0.007288,0.090150,0.001812,0.014175,53000,
1463529046,0.007288,0.090150,0.001812,0.025515,53000,
1463529046,0.007288,0.091352,0.001812,0.014175,53000,
1463529047,0.007288,0.088948,0.001812,0.014175,53000,
1463529047,0.007288,0.091352,0.001812,0.013230,53000,
1463529047,0.007288,0.087746,0.001812,0.014175,53000,
1463529048,0.007288,0.088948,0.001812,0.012285,53000,
1463529048,0.007288,0.090150,0.001812,0.016065,53000,
1463529048,0.007288,0.094958,0.001812,0.079474,53000,
1463529049,0.007288,0.106978,0.001812,0.021357,53000,
1463529049,0.007288,0.090150,0.001812,0.008505,53000,
1463529049,0.007288,0.088948,0.002718,0.014175,53000,
1463529049,0.007288,0.096160,0.001812,0.095004,53000,
1463529050,0.487902,0.096160,0.001812,0.017925,53000,
1463529050,0.022775,0.090150,0.001812,0.013230,53000,
1463529050,0.007288,0.090150,0.001812,0.013230,53000,
1463529051,0.007288,0.088948,0.001812,0.012285,53000,
1463529051,0.007288,0.088948,0.002718,0.014175,53000,
1463529051,0.007288,0.088948,0.001812,0.011340,53000,
1463529051,0.007288,0.092554,0.001812,0.019200,53000,
1463529052,0.007288,0.090150,0.001812,0.014175,53000,
1463529052,0.006377,0.088948,0.001812,0.013230,53000,
1463529052,0.007288,0.090150,0.001812,0.015120,53000,
1463529053,0.007288,0.090150,0.001812,0.013230,53000,
1463529053,0.006377,0.090150,0.001812,0.014175,53000,
1463529053,0.007288,0.090150,0.001812,0.013230,53000,
1463529054,0.007288,0.122604,0.001812,0.170352,53000,
1463529054,0.509402,0.093756,0.001812,0.017220,53000,
1463529054,0.060060,0.099766,0.001812,0.091287,53000,
1463529054,0.469504,0.093756,0.001812,0.020536,53000,
1463529055,0.477633,0.092554,0.002718,0.019992,54000,
1463529055,0.034618,0.090150,0.002718,0.014175,54000,
1463529055,0.007288,0.090150,0.002718,0.015120,54000,
1463529056,0.007288,0.088948,0.001810,0.013230,54000,
1463529056,0.007288,0.093756,0.001812,0.024830,53000,
1463529056,0.267718,0.098564,0.002718,0.082544,53000,
1463529056,0.189120,0.099766,0.002718,0.059519,53000,
1463529057,0.351586,0.096160,0.001812,0.065243,54000,
1463529057,0.107011,0.102170,0.001812,0.068625,54000,
1463529057,0.378624,0.102170,0.002718,0.052933,54000,
1463529058,0.406134,0.098564,0.002718,0.028290,54000,
1463529058,0.075850,0.094958,0.002718,0.096836,54000,
1463529058,0.428544,0.099766,0.002718,0.017220,54000,
1463529058,0.072127,0.091352,0.002718,0.031746,54000,
1463529059,0.051408,0.097362,0.001812,0.094240,55000,
1463529059,0.403501,0.097362,0.001812,0.014924,55000,
1463529059,0.021864,0.092554,0.001812,0.058292,55000,
1463529060,0.275040,0.100968,0.002718,0.067705,54000,
1463529060,0.116928,0.094958,0.001812,0.033632,54000,
1463529060,0.103600,0.102170,0.001812,0.087308,54000,
1463529060,0.014576,0.090150,0.001812,0.013230,54000,
1463529061,0.007288,0.090150,0.001812,0.014175,53000,
1463529061,0.007288,0.090150,0.002718,0.013230,53000,
1463529061,0.007288,0.088948,0.001812,0.052894,53000,
1463529062,0.408496,0.099766,0.002718,0.052933,54000,
1463529062,0.100776,0.092554,0.001812,0.079875,54000,
1463529062,0.382848,0.099766,0.001812,0.039360,54000,
1463529063,0.096200,0.093756,0.001812,0.099324,54000,
1463529063,0.426123,0.099766,0.002718,0.017220,54000,
1463529063,0.084690,0.098564,0.001812,0.092414,54000,
1463529063,0.428845,0.097362,0.001812,0.017220,54000,
1463529064,0.459156,0.094958,0.002718,0.016758,54000,
1463529064,0.034618,0.092554,0.001812,0.036855,54000,
1463529064,0.162168,0.098564,0.001810,0.093252,54000,
1463529065,0.291650,0.090150,0.001812,0.013260,54000,
1463529065,0.007288,0.099766,0.001812,0.094185,53000,
1463529065,0.007288,0.099766,0.001812,0.122720,53000,
1463529065,0.007288,0.093756,0.001812,0.024570,53000,
1463529066,0.007288,0.098564,0.001812,0.095928,54000,
1463529066,0.347618,0.096160,0.001810,0.017820,54000,
1463529066,0.070980,0.088948,0.001810,0.013230,54000,
1463529067,0.007288,0.088948,0.001812,0.014175,54000,
1463529067,0.007288,0.092554,0.001812,0.030240,53000,
1463529067,0.147256,0.098564,0.001812,0.096096,53000,
1463529067,0.289863,0.096160,0.001812,0.047250,53000,
1463529068,0.258930,0.096160,0.001812,0.075091,54000,
1463529068,0.131320,0.097362,0.001812,0.065134,54000,
1463529068,0.308448,0.096160,0.001812,0.051702,54000,
1463529069,0.140358,0.100968,0.001812,0.082125,54000,
1463529069,0.341964,0.093756,0.001812,0.038130,54000,
1463529069,0.129444,0.100968,0.001812,0.099176,54000,
1463529069,0.324364,0.100968,0.001810,0.017220,54000,
1463529070,0.128992,0.092554,0.001812,0.025402,57000,
1463529070,0.439863,0.098564,0.001812,0.017370,57000,
1463529070,0.021864,0.094958,0.001812,0.093740,57000,
1463529071,0.435370,0.098564,0.001812,0.017220,57000,
1463529071,0.090258,0.091352,0.001812,0.053901,54000,
1463529071,0.351288,0.099766,0.001812,0.049240,54000,
1463529071,0.145725,0.094958,0.001812,0.021693,54000,
1463529072,0.007288,0.091352,0.001812,0.013230,53000,
1463529072,0.007288,0.090150,0.001812,0.014175,53000,
1463529072,0.007288,0.091352,0.001812,0.011340,53000,
1463529073,0.007288,0.090150,0.001812,0.088160,54000,
1463529073,0.043522,0.093756,0.001812,0.095880,54000,
1463529073,0.535528,0.097362,0.001812,0.021474,54000,
1463529073,0.020042,0.099766,0.001812,0.097524,54000,
1463529074,0.464665,0.094958,0.001812,0.025542,54000,
1463529074,0.034618,0.099766,0.001812,0.094484,54000,
1463529074,0.411102,0.093756,0.001812,0.032944,54000,
1463529075,0.092200,0.100968,0.001812,0.084249,54000,
1463529075,0.385125,0.091352,0.002718,0.022100,54000,
1463529075,0.009110,0.093756,0.001812,0.085905,54000,
1463529075,0.276284,0.100968,0.001812,0.038130,54000,
1463529076,0.139675,0.092554,0.001812,0.027432,56000,
1463529076,0.117306,0.100968,0.001812,0.082544,56000,
1463529076,0.007288,0.097362,0.001812,0.098982,56000,
1463529077,0.345717,0.098564,0.001812,0.019680,54000,
1463529077,0.065240,0.091352,0.001810,0.017640,54000,
1463529077,0.007288,0.090150,0.001812,0.013230,54000,
1463529077,0.007288,0.090150,0.001812,0.014175,54000,
1463529078,0.007288,0.088948,0.001812,0.016065,53000,
1463529078,0.007288,0.097362,0.001812,0.089388,53000,
1463529078,0.428845,0.094958,0.001812,0.028224,53000,
1463529079,0.060126,0.100968,0.001810,0.093062,54000,
1463529079,0.412344,0.092554,0.001812,0.029692,54000,
1463529079,0.466710,0.094958,0.001812,0.031416,54000,
1463529080,0.027330,0.098564,0.001812,0.103960,54000,
1463529080,0.290360,0.092554,0.001812,0.028262,54000,
1463529080,0.016398,0.100968,0.001810,0.099846,54000,
1463529080,0.405246,0.091352,0.001812,0.017400,54000,
1463529081,0.042817,0.102170,0.002718,0.092395,55000,
1463529081,0.444000,0.093756,0.001812,0.017220,55000,
1463529081,0.157905,0.094958,0.001812,0.028740,55000,
1463529082,0.007288,0.094958,0.001812,0.089756,55000,
1463529082,0.374605,0.098564,0.001812,0.022820,54000,
1463529082,0.020953,0.093756,0.001812,0.059880,54000,
1463529082,0.211050,0.099766,0.001810,0.066474,54000,
1463529083,0.007288,0.092554,0.001812,0.013230,53000,
1463529083,0.007288,0.088948,0.002718,0.014175,53000,
1463529083,0.007288,0.088948,0.001812,0.014175,53000,
1463529084,0.007288,0.091352,0.001812,0.098100,53000,
1463529084,0.352226,0.100968,0.001810,0.017220,54000,
1463529084,0.122892,0.093756,0.001812,0.100056,54000,
1463529084,0.370736,0.099766,0.001812,0.019328,54000,
1463529085,0.066240,0.096160,0.001812,0.090613,54000,
1463529085,0.428845,0.098564,0.002718,0.029400,54000,
1463529085,0.040995,0.097362,0.001810,0.091884,54000,
1463529086,0.412925,0.094958,0.002718,0.028525,54000,
1463529086,0.473620,0.094958,0.001812,0.013392,54000,
1463529086,0.017309,0.096160,0.001812,0.076575,54000,
1463529086,0.292314,0.098564,0.002718,0.043085,54000,
1463529087,0.128232,0.091352,0.001812,0.028448,54000,
1463529087,0.007288,0.097362,0.001812,0.104625,54000,
1463529087,0.297836,0.093756,0.001812,0.016800,54000,
1463529088,0.082350,0.091352,0.001812,0.039606,54000,
1463529088,0.007288,0.099766,0.001812,0.090650,54000,
1463529088,0.360241,0.091352,0.001812,0.019890,54000,
1463529088,0.007288,0.090150,0.001812,0.014175,54000,
1463529089,0.007288,0.088948,0.001812,0.015120,53000,
1463529089,0.007288,0.094958,0.002718,0.073201,53000,
1463529089,0.258258,0.098564,0.001812,0.041820,53000,
1463529090,0.173850,0.097362,0.001812,0.094668,55000,
1463529090,0.333993,0.094958,0.001812,0.017220,55000,
1463529090,0.096900,0.100968,0.001812,0.108000,55000,
1463529090,0.346794,0.093756,0.001810,0.017220,55000,
1463529091,0.121002,0.100968,0.001810,0.104811,55000,
1463529091,0.351198,0.096160,0.002718,0.021798,55000,
1463529091,0.086025,0.099766,0.002718,0.108159,55000,
1463529092,0.383962,0.092554,0.001812,0.017640,54000,
1463529092,0.030294,0.097362,0.001810,0.096096,54000,
1463529092,0.184470,0.096160,0.001810,0.026001,54000,
1463529092,0.007288,0.102170,0.001810,0.099960,54000,
1463529093,0.400316,0.091352,0.002718,0.015041,54000,
1463529093,0.064610,0.097362,0.001810,0.055917,54000,
1463529093,0.093425,0.096160,0.001812,0.067760,54000,
1463529094,0.309744,0.096160,0.002718,0.018918,54000,
1463529094,0.017309,0.091352,0.002718,0.014175,54000,
1463529094,0.007288,0.091352,0.001812,0.012285,54000,
1463529095,0.007288,0.090150,0.001812,0.017010,54000,
1463529095,0.007288,0.091352,0.001810,0.097070,53000,
1463529095,0.429345,0.099766,0.001812,0.017640,53000,
1463529095,0.039474,0.090150,0.001812,0.013230,53000,
1463529096,0.007288,0.088948,0.001812,0.014175,53000,
1463529096,0.007288,0.088948,0.001812,0.015120,53000,
1463529096,0.007288,0.090150,0.001812,0.013230,53000,
1463529097,0.007288,0.090150,0.001812,0.015120,53000,
1463529097,0.007288,0.090150,0.002718,0.026001,53000,
1463529097,0.007288,0.088948,0.001812,0.013230,53000,
1463529097,0.007288,0.091352,0.001812,0.015120,53000,
1463529098,0.007288,0.090150,0.001812,0.013230,53000,
1463529098,0.007288,0.090150,0.001812,0.014175,53000,
1463529098,0.007288,0.090150,0.001812,0.015120,53000,
1463529099,0.007288,0.088948,0.001812,0.014175,53000,
1463529099,0.007288,0.108180,0.001812,0.117766,53000,
1463529099,0.007288,0.094958,0.001812,0.019000,53000,
1463529100,0.007288,0.090150,0.001812,0.014175,53000,
1463529100,0.007288,0.090150,0.001812,0.025515,53000,
1463529100,0.007288,0.097362,0.001812,0.102375,53000,
1463529100,0.308481,0.096160,0.001812,0.017940,53000,
1463529101,0.057960,0.090150,0.001812,0.014175,53000,
1463529101,0.007288,0.090150,0.001812,0.014175,53000,
1463529101,0.007288,0.088948,0.001812,0.014175,53000,
1463529102,0.007288,0.090150,0.002718,0.014175,53000,
1463529102,0.007288,0.088948,0.001810,0.013230,53000,
1463529102,0.007288,0.094958,0.001810,0.026136,53000,
1463529102,0.007288,0.088948,0.001812,0.014175,53000,
1463529103,0.007288,0.090150,0.001810,0.014175,53000,
1463529103,0.007288,0.090150,0.001812,0.015120,53000,
1463529103,0.007288,0.090150,0.001810,0.016065,53000,
1463529104,0.007288,0.088948,0.001810,0.014175,53000,
1463529104,0.007288,0.091352,0.001810,0.015120,53000,
1463529104,0.007288,0.112988,0.001812,0.086427,53000,
1463529105,0.007288,0.090150,0.001812,0.016286,53000,
1463529105,0.007288,0.088948,0.001812,0.013230,53000,
1463529105,0.007288,0.093756,0.001812,0.026460,53000,
1463529105,0.007288,0.100968,0.001812,0.097200,53000,
1463529106,0.387270,0.088948,0.001812,0.013332,53000,
1463529106,0.064681,0.088948,0.001812,0.015120,53000,
1463529106,0.007288,0.090150,0.001812,0.014175,53000,
1463529107,0.007288,0.090150,0.001812,0.014175,53000,
1463529107,0.007288,0.088948,0.001812,0.013230,53000,
1463529107,0.007288,0.090150,0.002718,0.014175,53000,
1463529107,0.007288,0.091352,0.001812,0.022448,53000,
1463529108,0.007288,0.088948,0.001812,0.014175,53000,
1463529108,0.007288,0.090150,0.001812,0.014175,53000,
1463529108,0.007288,0.088948,0.001812,0.015120,53000,
1463529109,0.007288,0.088948,0.001810,0.014175,53000,
1463529109,0.007288,0.090150,0.001812,0.016065,53000,
1463529109,0.007288,0.090150,0.001812,0.016065,53000,
1463529109,0.007288,0.108180,0.001812,0.111916,53000,
1463529110,0.007288,0.092554,0.001812,0.014175,53000,
1463529110,0.007288,0.088948,0.001812,0.011340,53000,
1463529110,0.007288,0.090150,0.001812,0.032130,53000,
1463529111,0.007288,0.099766,0.002718,0.100548,54000,
1463529111,0.330260,0.093756,0.001812,0.013620,54000,
1463529111,0.084272,0.090150,0.001812,0.013230,54000,
1463529112,0.007288,0.090150,0.001812,0.014175,54000,
1463529112,0.007288,0.088948,0.001812,0.013230,53000,
1463529112,0.007288,0.090150,0.001812,0.014175,53000,
1463529112,0.007288,0.090150,0.001812,0.012285,53000,
1463529113,0.007288,0.092554,0.001812,0.020307,53000,
1463529113,0.007288,0.088948,0.001812,0.013230,53000,
1463529113,0.007288,0.090150,0.002715,0.014175,53000,
1463529114,0.007288,0.090150,0.001812,0.014175,53000,
1463529114,0.007288,0.088948,0.001812,0.014175,53000,
1463529114,0.007288,0.088948,0.001812,0.014175,53000,
1463529114,0.007288,0.090150,0.001812,0.027405,53000,
1463529115,0.007288,0.112988,0.001812,0.092880,53000,
1463529115,0.007288,0.088948,0.001810,0.014205,53000,
1463529115,0.007288,0.091352,0.001812,0.014175,53000,
1463529116,0.007288,0.092554,0.001812,0.049800,53000,
1463529116,0.007288,0.099766,0.001812,0.153140,53000,
1463529116,0.087584,0.088948,0.001812,0.011550,53000,
1463529117,0.052838,0.091352,0.002718,0.013230,53000,
1463529117,0.007288,0.090150,0.001812,0.013230,53000,
1463529117,0.007288,0.090150,0.001812,0.014175,53000,
1463529117,0.007288,0.088948,0.001812,0.013230,53000,
1463529118,0.007288,0.090150,0.001812,0.014175,53000,
1463529118,0.007288,0.093756,0.001812,0.012285,53000,
1463529118,0.007288,0.090150,0.001812,0.015120,53000,
1463529119,0.007288,0.090150,0.001812,0.014175,53000,
1463529119,0.007288,0.088948,0.001812,0.015120,53000,
1463529119,0.007288,0.090150,0.001812,0.014175,53000,
1463529119,0.007288,0.090150,0.001812,0.013230,53000,
1463529120,0.007288,0.090150,0.001812,0.038786,53000,
1463529120,0.006377,0.111786,0.001812,0.081864,53000,
1463529120,0.007288,0.090150,0.001812,0.012285,53000,
1463529121,0.006377,0.090150,0.001812,0.015120,53000,
1463529121,0.007288,0.090150,0.001812,0.044666,53000,
1463529121,0.007288,0.099766,0.002718,0.076384,53000,
1463529122,0.359890,0.092554,0.001812,0.013910,53000,
1463529122,0.052780,0.088948,0.001812,0.014175,53000,
1463529122,0.007288,0.090150,0.001812,0.015120,53000,
1463529122,0.007288,0.090150,0.001812,0.014175,53000,
1463529123,0.007288,0.090150,0.001812,0.013230,53000,
1463529123,0.007288,0.099766,0.001812,0.042240,53000,
1463529123,0.007288,0.091352,0.001812,0.015120,53000,
1463529124,0.007288,0.090150,0.001810,0.015120,53000,
1463529124,0.007288,0.088948,0.001812,0.015120,53000,
1463529124,0.007288,0.090150,0.001812,0.014175,53000,
1463529125,0.006377,0.088948,0.001812,0.015120,53000,
1463529125,0.007288,0.088948,0.001812,0.016065,53000,
1463529125,0.006377,0.090150,0.001812,0.046354,53000,
1463529125,0.007288,0.090150,0.001812,0.015280,53000,
1463529126,0.007288,0.090150,0.001812,0.014175,53000,
1463529126,0.007288,0.088948,0.001812,0.016065,53000,
1463529126,0.007288,0.094958,0.001812,0.087731,53000,
1463529127,0.079550,0.097362,0.001812,0.017220,53000,
1463529127,0.450984,0.090150,0.001810,0.016660,53000,
1463529127,0.009110,0.091352,0.001810,0.014175,53000,
1463529127,0.007288,0.088948,0.001812,0.016065,53000,
1463529128,0.007288,0.087746,0.002715,0.013230,53000,
1463529128,0.007288,0.091352,0.001812,0.019887,53000,
1463529128,0.007288,0.091352,0.001812,0.019440,53000,
1463529129,0.007288,0.090150,0.001812,0.013230,53000,
1463529129,0.007288,0.088948,0.001812,0.016065,53000,
1463529129,0.007288,0.091352,0.001810,0.014175,53000,
1463529130,0.007288,0.090150,0.002715,0.014175,53000,
1463529130,0.007288,0.088948,0.001812,0.014175,53000,
1463529130,0.007288,0.090150,0.001810,0.015120,53000,
1463529130,0.007288,0.090150,0.001812,0.073381,53000,
1463529131,0.098012,0.104574,0.001812,0.070224,54000,
1463529131,0.512113,0.096160,0.001810,0.029520,54000,
1463529131,0.140600,0.092554,0.001812,0.090160,54000,
1463529132,0.393192,0.099766,0.001812,0.017220,54000,
1463529132,0.019131,0.094958,0.002718,0.019240,54000,
1463529132,0.007288,0.090150,0.001810,0.016065,54000,
1463529132,0.007288,0.088948,0.001812,0.014175,54000,
1463529133,0.007288,0.090150,0.001810,0.017010,53000,
1463529133,0.370560,0.092554,0.001812,0.089936,53000,
1463529133,0.082302,0.098564,0.001812,0.032424,53000,
1463529134,0.396011,0.094958,0.001812,0.089700,53000,
1463529134,0.381016,0.098564,0.002718,0.092400,53000,
1463529134,0.095069,0.094958,0.002718,0.041625,53000,
1463529134,0.392030,0.102170,0.002715,0.078848,53000,
1463529135,0.085540,0.093756,0.001812,0.059625,54000,
1463529135,0.429276,0.099766,0.002718,0.052933,54000,
1463529135,0.045550,0.093756,0.002718,0.025825,54000,
1463529136,0.007288,0.096160,0.002718,0.125204,54000,
1463529136,0.169456,0.102170,0.002718,0.068432,54000,
1463529136,0.007288,0.092554,0.001812,0.033075,54000,
1463529136,0.341172,0.099766,0.002718,0.085413,54000,
1463529137,0.077605,0.093756,0.002715,0.021318,54000,
1463529137,0.007288,0.092554,0.002718,0.073224,54000,
1463529137,0.065592,0.091352,0.002718,0.013234,54000,
1463529138,0.007288,0.091352,0.002718,0.013230,54000,
1463529138,0.007288,0.090150,0.001812,0.014175,53000,
1463529138,0.007288,0.090150,0.002718,0.014175,53000,
1463529138,0.144460,0.096160,0.002715,0.101844,53000,
1463529139,0.288900,0.096160,0.002718,0.019392,54000,
1463529139,0.218295,0.104574,0.001812,0.117729,54000,
1463529139,0.210459,0.093756,0.001812,0.022534,54000,
1463529140,0.362140,0.097362,0.001810,0.090167,54000,
1463529140,0.072352,0.094958,0.002718,0.033582,54000,
1463529140,0.369012,0.100968,0.002718,0.088504,54000,
1463529140,0.350124,0.102170,0.002715,0.097328,54000,
1463529141,0.132704,0.090150,0.002718,0.012023,54000,
1463529141,0.007288,0.097362,0.002718,0.091960,54000,
1463529141,0.403432,0.093756,0.002718,0.031980,54000,
1463529142,0.037351,0.093756,0.001812,0.031904,54000,
1463529142,0.227263,0.100968,0.002718,0.102870,54000,
1463529142,0.162800,0.092554,0.002718,0.017640,54000,
1463529142,0.007288,0.092554,0.002715,0.088893,54000,
1463529143,0.576346,0.100968,0.002718,0.017220,54000,
1463529143,0.026419,0.093756,0.002718,0.018544,54000,
1463529143,0.007288,0.091352,0.002718,0.013230,54000,
1463529144,0.007288,0.090150,0.001812,0.011340,53000,
1463529144,0.250690,0.090150,0.001812,0.099846,53000,
1463529144,0.300440,0.099766,0.002718,0.024507,53000,
1463529144,0.342964,0.094958,0.002718,0.098770,53000,
1463529145,0.106064,0.100968,0.002718,0.028525,54000,
1463529145,0.371345,0.096160,0.002718,0.092340,54000,
1463529145,0.099144,0.097362,0.002718,0.037059,54000,
1463529146,0.436450,0.096160,0.001812,0.078784,54000,
1463529146,0.053694,0.094958,0.002718,0.056300,54000,
1463529146,0.439456,0.102170,0.002718,0.060319,54000,
1463529146,0.081257,0.093756,0.002718,0.018900,54000,
1463529147,0.067932,0.094958,0.002715,0.097920,55000,
1463529147,0.058304,0.090150,0.002718,0.052884,55000,
1463529147,0.481032,0.102170,0.002718,0.059088,55000,
1463529148,0.079170,0.093756,0.002718,0.017425,54000,
1463529148,0.111000,0.094958,0.002718,0.099235,54000,
1463529148,0.332082,0.098564,0.002718,0.018180,54000,
1463529148,0.016398,0.090150,0.002718,0.015120,54000,
1463529149,0.007288,0.090150,0.002718,0.014175,54000,
1463529149,0.007288,0.088948,0.001812,0.014175,54000,
1463529149,0.007288,0.088948,0.001810,0.023625,54000,
1463529150,0.370560,0.099766,0.002718,0.086904,54000,
1463529150,0.356724,0.100968,0.002718,0.091168,54000,
1463529150,0.097032,0.096160,0.002718,0.047166,54000,
1463529151,0.384552,0.102170,0.002718,0.078848,54000,
1463529151,0.081400,0.092554,0.002718,0.059678,54000,
1463529151,0.463378,0.097362,0.001812,0.051702,54000,
1463529151,0.050105,0.093756,0.002718,0.084450,54000,
1463529152,0.531336,0.099766,0.002718,0.029520,55000,
1463529152,0.035529,0.091352,0.002718,0.026919,55000,
1463529152,0.156576,0.099766,0.001812,0.099354,55000,
1463529153,0.318450,0.092554,0.002718,0.015366,55000,
1463529153,0.007288,0.094958,0.002718,0.041065,54000,
1463529153,0.123120,0.092554,0.002718,0.016305,54000,
1463529153,0.218554,0.100968,0.002718,0.090480,54000,
1463529154,0.321688,0.093756,0.002718,0.019686,54000,
1463529154,0.007288,0.090150,0.002718,0.015120,54000,
1463529154,0.007288,0.090150,0.002718,0.014175,54000,
1463529155,0.007288,0.090150,0.002715,0.016065,54000,
1463529155,0.007288,0.090150,0.001812,0.031779,54000,
1463529155,0.461000,0.092554,0.002718,0.073860,54000,
1463529155,0.076560,0.100968,0.001812,0.061765,54000,
1463529156,0.407088,0.099766,0.002718,0.059088,54000,
1463529156,0.085652,0.093756,0.002718,0.075442,54000,
1463529156,0.076440,0.094958,0.002718,0.091206,54000,
1463529157,0.461286,0.102170,0.002718,0.017220,54000,
1463529157,0.043728,0.094958,0.002715,0.099000,54000,
1463529157,0.548104,0.099766,0.002718,0.017220,54000,
1463529157,0.014576,0.093756,0.002718,0.032130,54000,
1463529158,0.007288,0.094958,0.002718,0.167440,54000,
1463529158,0.169456,0.097362,0.002718,0.017070,54000,
1463529158,0.007288,0.090150,0.002718,0.063872,54000,
1463529159,0.375168,0.099766,0.001812,0.057857,54000,
1463529159,0.066096,0.093756,0.002718,0.024792,54000,
1463529159,0.007288,0.096160,0.002718,0.100737,54000,
1463529159,0.048230,0.091352,0.001812,0.012285,54000,
1463529160,0.007288,0.088948,0.001812,0.014175,54000,
1463529160,0.007288,0.090150,0.002718,0.014175,54000,
1463529160,0.007288,0.090150,0.001812,0.024570,54000,
1463529161,0.262042,0.098564,0.001812,0.098072,54000,
1463529161,0.181062,0.094958,0.002718,0.033060,54000,
1463529161,0.331468,0.098564,0.002718,0.088344,54000,
1463529161,0.065412,0.094958,0.002718,0.046125,54000,
1463529162,0.369978,0.100968,0.002718,0.071456,54000,
1463529162,0.091924,0.093756,0.002718,0.061930,54000,
1463529162,0.353160,0.099766,0.002718,0.060319,54000,
1463529163,0.405319,0.099766,0.002718,0.040590,55000,
1463529163,0.066795,0.088948,0.002718,0.021231,55000,
1463529163,0.044982,0.100968,0.001812,0.094668,55000,
1463529163,0.400608,0.093756,0.002718,0.017925,55000,
1463529164,0.019131,0.094958,0.002718,0.097990,54000,
1463529164,0.447204,0.098564,0.002718,0.023166,54000,
1463529164,0.031850,0.093756,0.002718,0.034440,54000,
1463529165,0.103600,0.097362,0.002718,0.027580,55000,
1463529165,0.293910,0.094958,0.002715,0.093393,55000,
1463529165,0.018220,0.090150,0.002718,0.017640,55000,
1463529166,0.007288,0.088948,0.001810,0.013230,55000,
1463529166,0.007288,0.094958,0.001812,0.011340,54000,
1463529166,0.336960,0.099766,0.002718,0.029698,54000,
1463529166,0.125685,0.093756,0.002718,0.089936,54000,
1463529167,0.332648,0.093756,0.001812,0.054096,54000,
1463529167,0.079808,0.098564,0.002718,0.065243,54000,
1463529167,0.348365,0.097362,0.002718,0.083366,54000,
1463529168,0.065952,0.096160,0.002718,0.049240,54000,
1463529168,0.381085,0.100968,0.001812,0.086779,55000,
1463529168,0.060060,0.094958,0.001812,0.029520,55000,
1463529168,0.422875,0.102170,0.002718,0.099176,55000,
1463529169,0.050050,0.093756,0.002718,0.017220,57000,
1463529169,0.284085,0.099766,0.002718,0.091884,57000,
1463529169,0.007288,0.092554,0.002715,0.014859,57000,
1463529170,0.558584,0.099766,0.001810,0.092820,57000,
1463529170,0.033707,0.092554,0.002718,0.017192,54000,
1463529170,0.212926,0.097362,0.002718,0.031185,54000,
1463529170,0.198848,0.099766,0.002718,0.100548,54000,
1463529171,0.007288,0.091352,0.002718,0.017130,54000,
1463529171,0.007288,0.091352,0.001812,0.014175,54000,
1463529171,0.007288,0.088948,0.001812,0.013230,54000,
1463529172,0.007288,0.090150,0.002718,0.014175,54000,
1463529172,0.469654,0.099766,0.002715,0.085760,58000,
1463529172,0.062790,0.088948,0.001810,0.017220,58000,
1463529172,0.007288,0.088948,0.002718,0.010582,58000,
1463529173,0.007288,0.090150,0.002718,0.015120,54000,
1463529173,0.007288,0.090150,0.001812,0.014175,54000,
1463529173,0.007288,0.088948,0.002715,0.015120,54000,
1463529174,0.007288,0.090150,0.001812,0.013230,53000,
1463529174,0.007288,0.094958,0.002718,0.020856,53000,
1463529174,0.007288,0.091352,0.002718,0.015120,53000,
1463529175,0.007288,0.088948,0.001810,0.010395,53000,
1463529175,0.007288,0.090150,0.001812,0.012285,53000,
1463529175,0.007288,0.090150,0.001810,0.012285,53000,
1463529175,0.007288,0.090150,0.001812,0.014175,53000,
1463529176,0.007288,0.098564,0.001810,0.013230,53000,
1463529176,0.007288,0.104574,0.001812,0.061880,53000,
1463529176,0.007288,0.090150,0.001810,0.037625,53000,
1463529177,0.007288,0.087746,0.001812,0.014175,53000,
1463529177,0.007288,0.097362,0.001812,0.014175,53000,
1463529177,0.366177,0.096160,0.001810,0.090558,53000,
1463529177,0.061439,0.090150,0.001810,0.027060,53000,
1463529178,0.007288,0.090150,0.001812,0.010791,53000,
1463529178,0.007288,0.088948,0.001810,0.014175,53000,
1463529178,0.007288,0.088948,0.001812,0.014175,53000,
1463529179,0.007288,0.090150,0.001812,0.014175,53000,
1463529179,0.007288,0.090150,0.001812,0.016065,53000,
1463529179,0.007288,0.092554,0.001812,0.020944,53000,
1463529180,0.007288,0.090150,0.001812,0.013230,53000,
1463529180,0.007288,0.090150,0.001812,0.009450,53000,
1463529180,0.007288,0.091352,0.001812,0.017010,53000,
1463529180,0.007288,0.090150,0.001810,0.015120,53000,
1463529181,0.007288,0.090150,0.001812,0.014175,53000,
1463529181,0.007288,0.091352,0.001812,0.017010,53000,
1463529181,0.007288,0.112988,0.001812,0.088479,53000,
1463529182,0.007288,0.090150,0.001812,0.015120,53000,
1463529182,0.007288,0.090150,0.001810,0.012285,53000,
1463529182,0.007288,0.091352,0.001812,0.011340,53000,
1463529182,0.617140,0.099766,0.001812,0.093480,53000,
1463529183,0.021864,0.088948,0.001812,0.015353,53000,
1463529183,0.007288,0.088948,0.001812,0.014175,53000,
1463529183,0.007288,0.088948,0.001812,0.016065,53000,
1463529184,0.007288,0.090150,0.001812,0.014175,53000,
1463529184,0.007288,0.088948,0.001812,0.014175,53000,
1463529184,0.007288,0.090150,0.001812,0.014175,53000,
1463529185,0.007288,0.091352,0.002718,0.014355,53000,
1463529185,0.007288,0.091352,0.001812,0.013230,53000,
1463529185,0.007288,0.090150,0.001812,0.014175,53000,
1463529185,0.007288,0.088948,0.001812,0.015120,53000,
1463529186,0.007288,0.090150,0.001812,0.014175,53000,
1463529186,0.007288,0.088948,0.001812,0.016065,53000,
1463529186,0.007288,0.106978,0.001812,0.017010,53000,
1463529187,0.007288,0.099766,0.001812,0.086688,53000,
1463529187,0.007288,0.090150,0.001812,0.013230,53000,
1463529187,0.007288,0.091352,0.001812,0.012285,53000,
1463529187,0.007288,0.097362,0.001812,0.014175,53000,
1463529188,0.427284,0.096160,0.001812,0.101250,54000,
1463529188,0.021864,0.091352,0.001812,0.016870,54000,
1463529188,0.007288,0.090150,0.001812,0.014175,54000,
1463529189,0.007288,0.090150,0.001812,0.014175,53000,
1463529189,0.007288,0.088948,0.001812,0.015120,53000,
1463529189,0.007288,0.090150,0.001812,0.017010,53000,
1463529190,0.007288,0.088948,0.001812,0.020223,53000,
1463529190,0.007288,0.090150,0.001812,0.012493,53000,
1463529190,0.007288,0.090150,0.001812,0.011340,53000,
1463529190,0.007288,0.090150,0.001812,0.015120,53000,
1463529191,0.007288,0.090150,0.001812,0.014175,53000,
1463529191,0.007288,0.090150,0.001812,0.015120,53000,
1463529191,0.007288,0.090150,0.001812,0.015120,53000,
1463529192,0.007288,0.091352,0.001812,0.014175,53000,
1463529192,0.007288,0.109382,0.001812,0.096733,53000,
1463529192,0.007288,0.090150,0.001812,0.014175,53000,
1463529192,0.007288,0.090150,0.001812,0.009450,53000,
1463529193,0.057164,0.091352,0.001812,0.021735,57000,
1463529193,0.525759,0.099766,0.001812,0.095748,57000,
1463529193,0.010021,0.090150,0.001812,0.013440,57000,
1463529194,0.007288,0.088948,0.001812,0.013230,53000,
1463529194,0.007288,0.090150,0.002718,0.014175,53000,
1463529194,0.007288,0.090150,0.001812,0.013230,53000,
1463529195,0.007288,0.088948,0.001810,0.013230,53000,
1463529195,0.007288,0.093756,0.001812,0.024250,53000,
1463529195,0.007288,0.088948,0.001812,0.011364,53000,
1463529195,0.007288,0.090150,0.001812,0.011340,53000,
1463529196,0.007288,0.090150,0.001812,0.014175,53000,
1463529196,0.007288,0.088948,0.001812,0.013230,53000,
1463529196,0.007288,0.088948,0.001812,0.014175,53000,
1463529197,0.007288,0.088948,0.001812,0.012285,53000,
1463529197,0.007288,0.103372,0.001812,0.014175,53000,
1463529197,0.007288,0.098564,0.001812,0.097796,53000,
1463529197,0.007288,0.088948,0.001810,0.012285,53000,
1463529198,0.007288,0.090150,0.001810,0.011340,53000,
1463529198,0.007288,0.098564,0.001810,0.025515,53000,
1463529198,0.417324,0.093756,0.001812,0.093852,53000,
1463529199,0.013665,0.090150,0.001810,0.014833,53000,
1463529199,0.007288,0.090150,0.001810,0.014175,53000,
1463529199,0.007288,0.090150,0.001812,0.013230,53000,
1463529200,0.007288,0.087746,0.001810,0.015120,53000,
1463529200,0.007288,0.090150,0.001812,0.013230,53000,
1463529200,0.007288,0.094958,0.001812,0.043903,53000,
1463529200,0.007288,0.087746,0.001810,0.015680,53000,
1463529201,0.007288,0.091352,0.001812,0.012285,53000,
1463529201,0.007288,0.090150,0.002718,0.013230,53000,
1463529201,0.007288,0.091352,0.001812,0.014175,53000,
1463529202,0.007288,0.090150,0.001812,0.013230,53000,
1463529202,0.007288,0.090150,0.001812,0.014175,53000,
1463529202,0.007288,0.114190,0.001812,0.016065,53000,
1463529202,0.007288,0.090150,0.001812,0.014430,53000,
1463529203,0.007288,0.090150,0.001812,0.013230,53000,
1463529203,0.007288,0.093756,0.002718,0.009450,53000,
1463529203,0.191352,0.093756,0.001812,0.046342,53000,
1463529204,0.310185,0.099766,0.002718,0.068936,53000,
1463529204,0.007288,0.090150,0.001812,0.012624,53000,
1463529204,0.007288,0.088948,0.001812,0.013230,53000,
1463529204,0.007288,0.090150,0.001812,0.014175,53000,
1463529205,0.007288,0.090150,0.001812,0.013230,53000,
1463529205,0.007288,0.090150,0.001812,0.014175,53000,
1463529205,0.007288,0.093756,0.001812,0.024300,53000,
1463529206,0.007288,0.090150,0.002718,0.010395,53000,
1463529206,0.007288,0.088948,0.001812,0.011340,53000,
1463529206,0.007288,0.090150,0.001812,0.014175,53000,
1463529207,0.007288,0.088948,0.001812,0.013230,53000,
1463529207,0.007288,0.091352,0.001812,0.015120,53000,
1463529207,0.007288,0.088948,0.001812,0.014175,53000,
1463529207,0.007288,0.110584,0.001810,0.033075,53000,
1463529208,0.073788,0.105776,0.002718,0.188908,53000,
1463529208,0.416328,0.099766,0.001812,0.091403,53000,
1463529208,0.024597,0.096160,0.001812,0.028152,53000,
1463529209,0.467703,0.099766,0.001812,0.088650,53000,
1463529209,0.025508,0.092554,0.001812,0.019397,54000,
1463529209,0.007288,0.090150,0.002718,0.014175,54000,
1463529209,0.007288,0.088948,0.001812,0.015120,54000,
1463529210,0.007288,0.088948,0.001812,0.014175,53000,
1463529210,0.155644,0.098564,0.001812,0.045448,53000,
1463529210,0.376175,0.094958,0.001812,0.060319,53000,
1463529211,0.231770,0.100968,0.001812,0.075375,54000,
1463529211,0.337115,0.102170,0.002718,0.091125,54000,
1463529211,0.114120,0.093756,0.002718,0.028290,54000,
1463529211,0.385833,0.098564,0.002718,0.090160,54000,
1463529212,0.094738,0.096160,0.001812,0.017220,54000,
1463529212,0.398860,0.097362,0.001812,0.094500,54000,
1463529212,0.076858,0.093756,0.001812,0.018180,54000,
1463529213,0.007288,0.100968,0.002718,0.034020,55000,
1463529213,0.399640,0.094958,0.002718,0.098415,55000,
1463529213,0.057393,0.098564,0.001810,0.014495,55000,
1463529213,0.431989,0.094958,0.002718,0.094039,55000,
1463529214,0.129920,0.093756,0.002715,0.017895,54000,
1463529214,0.007288,0.099766,0.001812,0.035910,54000,
1463529214,0.036440,0.090150,0.002718,0.020672,54000,
1463529215,0.007288,0.090150,0.001812,0.011340,54000,
1463529215,0.007288,0.088948,0.002718,0.013230,54000,
1463529215,0.007288,0.094958,0.001812,0.015120,54000,
1463529216,0.298936,0.094958,0.002718,0.075555,54000,
1463529216,0.115200,0.096160,0.001812,0.031980,54000,
1463529216,0.315840,0.098564,0.001812,0.102375,54000,
1463529216,0.134332,0.094958,0.001812,0.017220,54000,
1463529217,0.363000,0.099766,0.001812,0.099176,54000,
1463529217,0.085267,0.094958,0.002718,0.017220,54000,
1463529217,0.368856,0.100968,0.002718,0.100214,54000,
1463529218,0.374300,0.099766,0.002718,0.095120,54000,
1463529218,0.076608,0.092554,0.002718,0.022078,54000,
1463529218,0.065178,0.099766,0.002718,0.043785,54000,
1463529218,0.385200,0.097362,0.002718,0.085008,54000,
1463529219,0.019131,0.093756,0.002718,0.016050,54000,
1463529219,0.303690,0.099766,0.002718,0.102816,54000,
1463529219,0.089822,0.093756,0.002718,0.017220,54000,
1463529220,0.107300,0.097362,0.002718,0.049833,54000,
1463529220,0.399384,0.097362,0.002718,0.061550,54000,
1463529220,0.015487,0.093756,0.002718,0.019855,54000,
1463529220,0.007288,0.090150,0.002718,0.013230,54000,
1463529221,0.007288,0.091352,0.001812,0.014175,53000,
1463529221,0.368640,0.098564,0.001812,0.088290,53000,
1463529221,0.071896,0.093756,0.002718,0.017220,53000,
1463529222,0.467000,0.098564,0.001812,0.095976,53000,
1463529222,0.078556,0.094958,0.001812,0.018180,54000,
1463529222,0.413505,0.098564,0.002718,0.099615,54000,
1463529222,0.086480,0.098564,0.002718,0.024696,54000,
1463529223,0.395015,0.094958,0.002718,0.097774,54000,
1463529223,0.095655,0.100968,0.001812,0.029718,54000,
1463529223,0.416514,0.093756,0.002718,0.090900,54000,
1463529224,0.025480,0.094958,0.002718,0.021280,54000,
1463529224,0.121961,0.093756,0.001810,0.017895,55000,
1463529224,0.007288,0.100968,0.002715,0.036855,55000,
1463529224,0.374806,0.092554,0.002718,0.092400,55000,
1463529225,0.016398,0.097362,0.002718,0.018581,54000,
1463529225,0.399267,0.094958,0.002718,0.096852,54000,
1463529225,0.064750,0.091352,0.001812,0.018816,54000,
1463529226,0.007288,0.090150,0.002718,0.014175,54000,
1463529226,0.007288,0.090150,0.002718,0.014175,54000,
1463529226,0.007288,0.092554,0.002718,0.014175,54000,
1463529226,0.007288,0.099766,0.002718,0.027840,54000,
1463529227,0.045850,0.099766,0.002718,0.058396,54000,
1463529227,0.432306,0.093756,0.002718,0.061550,54000,
1463529227,0.127136,0.099766,0.002718,0.072000,54000,
1463529228,0.329249,0.099766,0.002718,0.049240,54000,
1463529228,0.259826,0.097362,0.002718,0.088608,54000,
1463529228,0.185472,0.096160,0.002718,0.029520,54000,
1463529228,0.270368,0.099766,0.002718,0.093912,54000,
1463529229,0.244458,0.094958,0.002718,0.017220,54000,
1463529229,0.007288,0.096160,0.002718,0.031746,54000,
1463529229,0.381392,0.099766,0.002718,0.101308,54000,
1463529230,0.084909,0.091352,0.002718,0.015988,54000,
1463529230,0.369550,0.096160,0.002718,0.066474,55000,
1463529230,0.011843,0.093756,0.002718,0.024173,55000,
1463529230,0.563824,0.099766,0.002718,0.081328,55000,
1463529231,0.028241,0.091352,0.002718,0.020214,54000,
1463529231,0.007288,0.087746,0.002715,0.014175,54000,
1463529231,0.007288,0.090150,0.001810,0.014175,54000,
1463529232,0.007288,0.090150,0.001812,0.013230,54000,
1463529232,0.051408,0.098564,0.002718,0.053159,54000,
1463529232,0.443040,0.093756,0.002718,0.050471,54000,
1463529233,0.157339,0.100968,0.001812,0.082271,54000,
1463529233,0.344442,0.094958,0.002718,0.034440,54000,
1463529233,0.246888,0.093756,0.002715,0.017220,54000,
1463529233,0.362140,0.100968,0.002718,0.093541,54000,
1463529234,0.094248,0.094958,0.002718,0.017220,54000,
1463529234,0.381404,0.099766,0.002718,0.100125,54000,
1463529234,0.149175,0.091352,0.002718,0.017925,54000,
1463529235,0.007288,0.102170,0.002718,0.034891,54000,
1463529235,0.382180,0.094958,0.002718,0.093632,54000,
1463529235,0.080080,0.093756,0.002718,0.013200,54000,
1463529235,0.122092,0.100968,0.002718,0.088400,54000,
1463529236,0.271700,0.090150,0.002718,0.029520,54000,
1463529236,0.007288,0.099766,0.002715,0.029910,54000,
1463529236,0.078370,0.091352,0.002718,0.017730,54000,
1463529237,0.007288,0.091352,0.002718,0.014175,54000,
1463529237,0.007288,0.090150,0.002718,0.008505,54000,
1463529237,0.007288,0.091352,0.001812,0.014175,54000,
1463529237,0.007288,0.099766,0.002715,0.033075,54000,
1463529238,0.374300,0.094958,0.001812,0.092400,54000,
1463529238,0.090090,0.100968,0.002718,0.045440,54000,
1463529238,0.390060,0.096160,0.002718,0.071398,54000,
1463529239,0.040172,0.098564,0.002718,0.070122,54000,
1463529239,0.415386,0.096160,0.001812,0.052933,54000,
1463529239,0.124875,0.099766,0.002718,0.087750,54000,
1463529239,0.196980,0.097362,0.002715,0.104625,54000,
1463529240,0.287199,0.097362,0.002718,0.017220,54000,
1463529240,0.007288,0.097362,0.002718,0.029130,54000,
1463529240,0.394971,0.100968,0.001812,0.092193,54000,
1463529241,0.057960,0.092554,0.002718,0.017370,54000,
1463529241,0.007288,0.094958,0.002718,0.054880,54000,
1463529241,0.329169,0.098564,0.002718,0.075091,54000,
1463529241,0.055571,0.092554,0.001812,0.020045,54000,
1463529242,0.443555,0.102170,0.001812,0.096633,54000,
1463529242,0.089395,0.091352,0.001812,0.017070,54000,
1463529242,0.007288,0.091352,0.002715,0.014175,54000,
1463529243,0.007288,0.088948,0.001812,0.013230,54000,
1463529243,0.007288,0.094958,0.002715,0.046000,54000,
1463529243,0.434934,0.096160,0.001812,0.062781,54000,
1463529243,0.051352,0.099766,0.002718,0.069812,54000,
1463529244,0.430332,0.093756,0.001812,0.049240,54000,
1463529244,0.129780,0.097362,0.001810,0.090000,54000,
1463529244,0.314916,0.093756,0.001812,0.020910,54000,
1463529245,0.222306,0.099766,0.001812,0.097962,54000,
1463529245,0.247296,0.096160,0.001812,0.017220,54000,
1463529245,0.290360,0.099766,0.002715,0.101430,54000,
1463529245,0.138185,0.092554,0.001812,0.016968,54000,
1463529246,0.061506,0.099766,0.001812,0.078660,54000,
1463529246,0.017309,0.094958,0.001810,0.028942,54000,
1463529246,0.296360,0.098564,0.001810,0.097155,54000,
1463529247,0.099082,0.090150,0.001812,0.018992,54000,
1463529247,0.126999,0.098564,0.001810,0.083740,55000,
1463529247,0.383532,0.092554,0.001812,0.017220,55000,
1463529247,0.016398,0.091352,0.001812,0.017640,55000,
1463529248,0.007288,0.088948,0.001810,0.014175,54000,
1463529248,0.007288,0.088948,0.001810,0.016065,54000,
1463529248,0.007288,0.090150,0.002715,0.014175,54000,
1463529249,0.007288,0.094958,0.001812,0.016065,54000,
1463529249,0.166692,0.087746,0.001812,0.018180,54000,
1463529249,0.007288,0.090150,0.001812,0.016065,54000,
1463529250,0.007288,0.090150,0.001812,0.009450,54000,
1463529250,0.007288,0.090150,0.001812,0.013230,53000,
1463529250,0.007288,0.088948,0.001812,0.014175,53000,
1463529250,0.007288,0.092554,0.001812,0.015120,53000,
1463529251,0.007288,0.090150,0.001812,0.023040,53000,
1463529251,0.007288,0.088948,0.001812,0.017334,53000,
1463529251,0.007288,0.090150,0.001812,0.015120,53000,
1463529252,0.007288,0.090150,0.001812,0.014175,53000,
1463529252,0.007288,0.090150,0.001812,0.012285,53000,
1463529252,0.007288,0.091352,0.001812,0.011340,53000,
1463529252,0.007288,0.090150,0.001812,0.015120,53000,
1463529253,0.007288,0.116594,0.001812,0.103499,53000,
1463529253,0.007288,0.088948,0.001812,0.021315,53000,
1463529253,0.007288,0.090150,0.001812,0.013230,53000,
1463529254,0.007288,0.090150,0.001810,0.015120,53000,
1463529254,0.498000,0.099766,0.001812,0.087308,53000,
1463529254,0.048807,0.091352,0.001812,0.023562,53000,
1463529255,0.007288,0.088948,0.001812,0.009450,53000,
1463529255,0.007288,0.090150,0.001810,0.012285,53000,
1463529255,0.007288,0.090150,0.001812,0.014175,53000,
1463529255,0.007288,0.090150,0.001812,0.014175,53000,
1463529256,0.007288,0.090150,0.001812,0.014175,53000,
1463529256,0.007288,0.093756,0.001810,0.024175,53000,
1463529256,0.007288,0.090150,0.001812,0.014175,53000,
1463529257,0.007288,0.090150,0.001810,0.013230,53000,
1463529257,0.007288,0.088948,0.001810,0.011340,53000,
1463529257,0.007288,0.090150,0.001812,0.011340,53000,
1463529257,0.007288,0.088948,0.001812,0.015120,53000,
1463529258,0.007288,0.097362,0.001812,0.016065,53000,
1463529258,0.007288,0.106978,0.001812,0.100392,53000,
1463529258,0.007288,0.090150,0.001812,0.016371,53000,
1463529259,0.007288,0.088948,0.001812,0.014175,53000,
1463529259,0.007288,0.096160,0.001812,0.023625,53000,
1463529259,0.387686,0.096160,0.001812,0.090706,53000,
1463529260,0.058590,0.090150,0.001812,0.015974,53000,
1463529260,0.007288,0.090150,0.001812,0.015120,53000,
1463529260,0.007288,0.090150,0.001812,0.014175,53000,
1463529260,0.007288,0.090150,0.001812,0.014175,53000,
1463529261,0.007288,0.087746,0.001812,0.012285,53000,
1463529261,0.007288,0.092554,0.002718,0.014175,53000,
1463529261,0.007288,0.090150,0.001812,0.016167,53000,
1463529262,0.007288,0.091352,0.001812,0.013230,53000,
1463529262,0.007288,0.088948,0.001810,0.011340,53000,
1463529262,0.007288,0.090150,0.001812,0.011340,53000,
1463529263,0.007288,0.090150,0.001812,0.014175,53000,
1463529263,0.007288,0.090150,0.001812,0.014175,53000,
1463529263,0.007288,0.110584,0.001812,0.017010,53000,
1463529263,0.007288,0.090150,0.001812,0.093396,53000,
1463529264,0.007288,0.087746,0.001812,0.013230,53000,
1463529264,0.007288,0.087746,0.001812,0.014175,53000,
1463529264,0.007288,0.091352,0.001812,0.039240,53000,
1463529265,0.463690,0.099766,0.001812,0.067705,53000,
1463529265,0.043522,0.091352,0.001812,0.012672,53000,
1463529265,0.007288,0.088948,0.001812,0.013230,53000,
1463529265,0.007288,0.090150,0.002715,0.014175,53000,
1463529266,0.007288,0.088948,0.001810,0.013230,53000,
1463529266,0.007288,0.090150,0.001812,0.015120,53000,
1463529266,0.007288,0.090150,0.001812,0.013230,53000,
1463529267,0.007288,0.088948,0.002718,0.013230,53000,
1463529267,0.007288,0.090150,0.001812,0.014175,53000,
1463529267,0.007288,0.088948,0.001812,0.011340,53000,
1463529267,0.007288,0.088948,0.001812,0.013230,53000,
1463529268,0.007288,0.090150,0.001812,0.014175,53000,
1463529268,0.007288,0.088948,0.001812,0.015120,53000,
1463529268,0.007288,0.103372,0.001812,0.023625,53000,
1463529269,0.007288,0.103372,0.001810,0.088232,53000,
1463529269,0.007288,0.090150,0.001812,0.015120,53000,
1463529269,0.007288,0.090150,0.001812,0.014175,53000,
1463529270,0.007288,0.097362,0.001812,0.035594,53000,
1463529270,0.341040,0.094958,0.001812,0.083708,54000,
1463529270,0.080475,0.090150,0.001812,0.011880,54000,
1463529270,0.007288,0.090150,0.001812,0.014175,54000,
1463529271,0.007288,0.087746,0.001812,0.014175,53000,
1463529271,0.007288,0.091352,0.002718,0.014175,53000,
1463529271,0.007288,0.091352,0.001812,0.014175,53000,
1463529272,0.007288,0.090150,0.001812,0.024500,53000,
1463529272,0.007288,0.091352,0.001812,0.014175,53000,
1463529272,0.007288,0.090150,0.001812,0.013230,53000,
1463529272,0.007288,0.088948,0.001810,0.010395,53000,
1463529273,0.007288,0.090150,0.001812,0.012285,53000,
1463529273,0.007288,0.090150,0.001812,0.014175,53000,
1463529273,0.007288,0.091352,0.001812,0.013230,53000,
1463529274,0.007288,0.109382,0.001812,0.038745,53000,
1463529274,0.007288,0.088948,0.002718,0.068985,53000,
1463529274,0.007288,0.088948,0.001812,0.014175,53000,
1463529275,0.007288,0.090150,0.001812,0.014175,53000,
1463529275,0.007288,0.099766,0.001812,0.078900,53000,
1463529275,0.475930,0.090150,0.001812,0.029472,53000,
1463529275,0.055510,0.090150,0.001812,0.009950,53000,
1463529276,0.007288,0.091352,0.001812,0.014175,53000,
1463529276,0.007288,0.090150,0.001812,0.015120,53000,
1463529276,0.007288,0.091352,0.002718,0.013230,53000,
1463529277,0.007288,0.091352,0.002718,0.015120,53000,
1463529277,0.007288,0.099766,0.001812,0.057942,53000,
1463529277,0.007288,0.088948,0.002718,0.013230,53000,
1463529277,0.007288,0.088948,0.001810,0.014175,53000,
1463529278,0.007288,0.090150,0.001812,0.008505,53000,
1463529278,0.007288,0.090150,0.002715,0.014175,53000,
1463529278,0.007288,0.091352,0.001812,0.014175,53000,
1463529279,0.007288,0.090150,0.001810,0.014175,53000,
1463529279,0.007288,0.100968,0.001812,0.043470,53000,
1463529279,0.007288,0.098564,0.001812,0.059400,53000,
1463529280,0.007288,0.090150,0.001812,0.014175,53000,
1463529280,0.007288,0.090150,0.002715,0.016065,53000,
1463529280,0.007288,0.097362,0.001812,0.073944,53000,
1463529280,0.403970,0.093756,0.001812,0.041820,53000,
1463529281,0.073710,0.088948,0.002718,0.011176,53000,
1463529281,0.007288,0.090150,0.002718,0.015120,53000,
1463529281,0.007288,0.090150,0.001812,0.014175,53000,
1463529282,0.007288,0.090150,0.001812,0.014175,53000,
1463529282,0.007288,0.090150,0.002718,0.014175,53000,
1463529282,0.007288,0.090150,0.002718,0.017604,53000,
1463529282,0.007288,0.090150,0.001812,0.015120,53000,
1463529283,0.007288,0.090150,0.001810,0.013230,53000,
1463529283,0.007288,0.088948,0.001812,0.009450,53000,
1463529283,0.007288,0.088948,0.001812,0.013230,53000,
1463529284,0.007288,0.088948,0.001812,0.014175,53000,
1463529284,0.007288,0.087746,0.001812,0.014175,53000,
1463529284,0.007288,0.127412,0.001810,0.091326,53000,
1463529285,0.448000,0.092554,0.001812,0.099711,53000,
1463529285,0.061248,0.100968,0.001812,0.068503,54000,
1463529285,0.045374,0.100968,0.002718,0.087828,54000,
1463529285,0.441671,0.092554,0.002718,0.029472,54000,
1463529286,0.034618,0.091352,0.001812,0.018962,53000,
1463529286,0.007288,0.090150,0.001812,0.011340,53000,
1463529286,0.007288,0.088948,0.002715,0.011340,53000,
1463529287,0.007288,0.092554,0.002718,0.014175,53000,
1463529287,0.055200,0.097362,0.001812,0.095592,54000,
1463529287,0.523120,0.099766,0.002718,0.021456,54000,
1463529287,0.151916,0.097362,0.002718,0.095366,54000,
1463529288,0.443825,0.100968,0.002718,0.026611,54000,
1463529288,0.242865,0.093756,0.002718,0.090896,54000,
1463529288,0.374529,0.094958,0.002718,0.084939,54000,
1463529289,0.079016,0.094958,0.002718,0.046125,54000,
1463529289,0.366114,0.100968,0.002718,0.071398,55000,
1463529289,0.176344,0.091352,0.002718,0.030972,55000,
1463529289,0.007288,0.100968,0.002718,0.108171,55000,
1463529290,0.281725,0.096160,0.001812,0.019380,54000,
1463529290,0.007288,0.094958,0.002718,0.047808,54000,
1463529290,0.492000,0.100968,0.002718,0.061500,54000,
1463529291,0.167475,0.093756,0.002718,0.028296,54000,
1463529291,0.231035,0.098564,0.002718,0.092246,54000,
1463529291,0.007288,0.090150,0.001812,0.014175,54000,
1463529291,0.007288,0.091352,0.002715,0.014175,54000,
1463529292,0.007288,0.090150,0.002715,0.013230,54000,
1463529292,0.007288,0.096160,0.001812,0.058290,54000,
1463529292,0.366375,0.097362,0.002718,0.051660,54000,
1463529293,0.085376,0.098564,0.001810,0.087594,54000,
1463529293,0.364560,0.094958,0.001812,0.036900,54000,
1463529293,0.096180,0.099766,0.002718,0.105555,54000,
1463529293,0.354780,0.094958,0.001812,0.017192,54000,
1463529294,0.070070,0.100968,0.002718,0.115645,54000,
1463529294,0.311982,0.093756,0.001812,0.017192,54000,
1463529294,0.074620,0.099766,0.002718,0.142440,54000,
1463529295,0.007288,0.097362,0.002715,0.082634,54000,
1463529295,0.400768,0.094958,0.002718,0.028244,55000,
1463529295,0.117777,0.094958,0.001812,0.026676,55000,
1463529295,0.050490,0.099766,0.001810,0.095450,55000,
1463529296,0.368829,0.092554,0.002718,0.018816,54000,
1463529296,0.016398,0.098564,0.002718,0.044252,54000,
1463529296,0.259216,0.091352,0.001812,0.089863,54000,
1463529297,0.104995,0.090150,0.002718,0.015260,54000,
1463529297,0.007288,0.090150,0.001812,0.013230,54000,
1463529297,0.007288,0.088948,0.002715,0.015120,54000,
1463529297,0.007288,0.092554,0.001812,0.013230,54000,
1463529298,0.351914,0.093756,0.001812,0.022104,54000,
1463529298,0.340549,0.098564,0.001812,0.106875,54000,
1463529298,0.090090,0.097362,0.002718,0.017192,54000,
1463529299,0.289971,0.093756,0.002718,0.117968,54000,
1463529299,0.080256,0.098564,0.002718,0.026730,54000,
1463529299,0.321161,0.091352,0.002715,0.112326,54000,
1463529299,0.157250,0.100968,0.002718,0.036180,54000,
1463529300,0.209888,0.094958,0.002718,0.122210,54000,
1463529300,0.007288,0.094958,0.002718,0.027400,54000,
1463529300,0.458160,0.097362,0.002718,0.095787,54000,
1463529301,0.034618,0.093756,0.002718,0.017192,54000,
1463529301,0.194788,0.093756,0.001812,0.031119,58000,
1463529301,0.007288,0.093756,0.002718,0.020196,58000,
1463529301,0.263580,0.093756,0.002718,0.070173,58000,
1463529302,0.116736,0.097362,0.001812,0.054120,54000,
1463529302,0.007288,0.092554,0.002718,0.014392,54000,
1463529302,0.007288,0.090150,0.002715,0.010395,54000,
1463529303,0.007288,0.091352,0.002718,0.014175,53000,
1463529303,0.007288,0.088948,0.002718,0.014175,53000,
1463529303,0.387498,0.100968,0.002718,0.102951,53000,
1463529303,0.062790,0.092554,0.002715,0.017192,53000,
1463529304,0.354050,0.102170,0.002718,0.110192,54000,
1463529304,0.219240,0.098564,0.001812,0.110298,54000,
1463529304,0.118656,0.093756,0.002718,0.034683,54000,
1463529305,0.316536,0.099766,0.002718,0.088504,54000,
1463529305,0.233562,0.096160,0.002718,0.044967,54000,
1463529305,0.179104,0.098564,0.002718,0.094556,54000,
1463529305,0.007288,0.091352,0.002718,0.013224,54000,
1463529306,0.618450,0.100968,0.002718,0.093726,55000,
1463529306,0.019131,0.091352,0.002718,0.017640,55000,
1463529306,0.300828,0.098564,0.002718,0.038480,55000,
1463529307,0.162450,0.096160,0.002715,0.091094,54000,
1463529307,0.007336,0.092554,0.002718,0.016155,54000,
1463529307,0.517377,0.100968,0.002718,0.097110,54000,
1463529308,0.007288,0.090150,0.001812,0.016065,54000,
1463529308,0.007288,0.088948,0.002715,0.014175,54000,
1463529308,0.007288,0.090150,0.002718,0.014175,54000,
1463529308,0.275500,0.097362,0.002718,0.030256,54000,
1463529309,0.204624,0.093756,0.002718,0.081246,54000,
1463529309,0.391680,0.100968,0.002715,0.060750,54000,
1463529309,0.086940,0.093756,0.002715,0.059088,54000,
1463529310,0.396984,0.099766,0.002718,0.076364,54000,
1463529310,0.048412,0.094958,0.002718,0.035670,54000,
1463529310,0.417640,0.099766,0.002718,0.097962,54000,
1463529310,0.041490,0.093756,0.002715,0.017192,54000,
1463529311,0.089278,0.091352,0.002715,0.017192,54000,
1463529311,0.059072,0.102170,0.002718,0.032130,54000,
1463529311,0.381016,0.096160,0.002715,0.090896,54000,
1463529312,0.009110,0.096160,0.002718,0.020250,54000,
1463529312,0.314524,0.102170,0.002715,0.068748,54000,
1463529312,0.125800,0.091352,0.002715,0.054120,54000,
1463529312,0.116375,0.099766,0.002718,0.021693,54000,
1463529313,0.412228,0.093756,0.002718,0.093401,54000,
1463529313,0.008199,0.093756,0.002718,0.020995,54000,
1463529313,0.007288,0.090150,0.001810,0.014175,54000,
1463529314,0.007288,0.090150,0.001810,0.014175,54000,
1463529314,0.351260,0.093756,0.002718,0.062281,54000,
1463529314,0.103510,0.099766,0.001812,0.040590,54000,
1463529314,0.399903,0.096160,0.002715,0.095625,54000,
1463529315,0.086583,0.098564,0.001812,0.024560,54000,
1463529315,0.418586,0.097362,0.002718,0.097962,54000,
1463529315,0.064820,0.094958,0.002718,0.017192,54000,
1463529316,0.482080,0.098564,0.002718,0.089033,54000,
1463529316,0.021864,0.094958,0.002718,0.020587,54000,
1463529316,0.478626,0.099766,0.002718,0.098212,54000,
1463529316,0.047372,0.093756,0.002718,0.017640,54000,
1463529317,0.007288,0.094958,0.002718,0.038440,54000,
1463529317,0.140896,0.100968,0.002718,0.166725,54000,
1463529317,0.357192,0.099766,0.002718,0.104544,54000,
1463529318,0.110194,0.093756,0.002715,0.017192,54000,
1463529318,0.007288,0.094958,0.001812,0.030380,54000,
1463529318,0.322509,0.099766,0.002718,0.095120,54000,
1463529318,0.030974,0.091352,0.002718,0.018656,54000,
1463529319,0.007288,0.090150,0.001812,0.011340,54000,
1463529319,0.007288,0.088948,0.002718,0.014175,54000,
1463529319,0.007288,0.090150,0.002718,0.014175,54000,
1463529320,0.203112,0.097362,0.001812,0.034632,54000,
1463529320,0.206823,0.097362,0.002718,0.078784,54000,
1463529320,0.192000,0.093756,0.001810,0.061500,54000,
1463529320,0.311040,0.102170,0.002718,0.076500,54000,
1463529321,0.142695,0.094958,0.002718,0.041820,54000,
1463529321,0.341440,0.100968,0.002718,0.096750,54000,
1463529321,0.092664,0.094958,0.002715,0.022104,54000,
1463529322,0.379647,0.100968,0.002718,0.097875,54000,
1463529322,0.122100,0.091352,0.002718,0.017192,55000,
1463529322,0.007288,0.098564,0.002718,0.031515,55000,
1463529322,0.446660,0.097362,0.002718,0.095823,55000,
1463529323,0.020953,0.093756,0.002718,0.015960,54000,
1463529323,0.303666,0.098564,0.002718,0.062874,54000,
1463529323,0.007288,0.094958,0.002718,0.026962,54000,
1463529324,0.270760,0.099766,0.002718,0.105600,54000,
1463529324,0.093330,0.091352,0.002718,0.017220,55000,
1463529324,0.007288,0.088948,0.002715,0.016065,55000,
1463529324,0.007288,0.090150,0.002718,0.014175,55000,
1463529325,0.007288,0.090150,0.002718,0.009450,54000,
1463529325,0.007288,0.090150,0.002715,0.015120,54000,
1463529325,0.185468,0.091352,0.002715,0.040866,54000,
1463529326,0.284116,0.100968,0.002718,0.080015,54000,
1463529326,0.007288,0.088948,0.002718,0.013910,54000,
1463529326,0.007288,0.088948,0.002715,0.013230,54000,
1463529327,0.007288,0.091352,0.002718,0.015120,54000,
1463529327,0.007288,0.088948,0.002715,0.014175,54000,
1463529327,0.007288,0.088948,0.002718,0.014175,54000,
1463529327,0.007288,0.093756,0.002718,0.021516,54000,
1463529328,0.007288,0.091352,0.001812,0.014175,54000,
1463529328,0.007288,0.088948,0.002718,0.016065,54000,
1463529328,0.007288,0.090150,0.002718,0.015120,54000,
1463529329,0.007288,0.091352,0.002718,0.014175,54000,
1463529329,0.007288,0.090150,0.002718,0.014175,53000,
1463529329,0.007288,0.098564,0.002718,0.030240,53000,
1463529329,0.007288,0.102170,0.002715,0.085272,53000,
1463529330,0.007288,0.088948,0.002718,0.011436,53000,
1463529330,0.007288,0.090150,0.001812,0.013230,53000,
1463529330,0.007288,0.090150,0.002718,0.016065,53000,
1463529331,0.060852,0.096160,0.002715,0.038868,54000,
1463529331,0.302250,0.097362,0.002718,0.091168,54000,
1463529331,0.007288,0.091352,0.002715,0.014175,54000,
1463529332,0.007288,0.091352,0.002718,0.014175,54000,
1463529332,0.007288,0.090150,0.001812,0.014175,53000,
1463529332,0.007288,0.088948,0.001810,0.013230,53000,
1463529332,0.007288,0.093756,0.002718,0.011340,53000,
1463529333,0.007288,0.088948,0.002715,0.024150,53000,
1463529333,0.007288,0.088948,0.002718,0.014175,53000,
1463529333,0.007288,0.090150,0.001812,0.013230,53000,
1463529334,0.007288,0.090150,0.002715,0.013230,53000,
1463529334,0.007288,0.090150,0.002718,0.014175,53000,
1463529334,0.007288,0.090150,0.001812,0.013230,53000,
1463529335,0.007288,0.110584,0.002718,0.043470,53000,
1463529335,0.007288,0.090150,0.002718,0.052577,53000,
1463529335,0.007288,0.090150,0.002715,0.014175,53000,
1463529335,0.007288,0.091352,0.002715,0.013230,53000,
1463529336,0.007288,0.092554,0.002718,0.014175,54000,
1463529336,0.294168,0.099766,0.001812,0.078736,54000,
1463529336,0.007288,0.090150,0.002718,0.016949,54000,
1463529337,0.007288,0.091352,0.002715,0.014175,54000,
1463529337,0.007288,0.090150,0.001810,0.014175,53000,
1463529337,0.007288,0.090150,0.002715,0.012285,53000,
1463529337,0.007288,0.090150,0.002718,0.011340,53000,
1463529338,0.007288,0.090150,0.002718,0.019845,53000,
1463529338,0.007288,0.093756,0.002718,0.021472,53000,
1463529338,0.007288,0.090150,0.002715,0.014175,53000,
1463529339,0.007288,0.090150,0.002718,0.013230,53000,
1463529339,0.007288,0.090150,0.002715,0.015120,53000,
1463529339,0.007288,0.090150,0.001812,0.016065,53000,
1463529340,0.007288,0.090150,0.002718,0.014175,53000,
1463529340,0.007288,0.105776,0.001810,0.086086,53000,
1463529340,0.007288,0.099766,0.001812,0.046125,53000,
1463529340,0.007288,0.090150,0.002718,0.014175,53000,
1463529341,0.007288,0.090150,0.002718,0.015120,53000,
1463529341,0.007288,0.091352,0.002718,0.013230,53000,
1463529341,0.447615,0.098564,0.002718,0.093375,53000,
1463529342,0.007288,0.088948,0.002718,0.014175,53000,
1463529342,0.007288,0.091352,0.001810,0.015120,53000,
1463529342,0.007288,0.090150,0.002718,0.012285,53000,
1463529342,0.007288,0.091352,0.001812,0.013230,53000,
1463529343,0.007288,0.088948,0.001812,0.008505,53000,
1463529343,0.007288,0.092554,0.002718,0.022824,53000,
1463529343,0.007288,0.090150,0.002718,0.016320,53000,
1463529344,0.007288,0.088948,0.002718,0.015120,53000,
1463529344,0.007288,0.090150,0.002715,0.014175,53000,
1463529344,0.007288,0.090150,0.001812,0.014175,53000,
1463529344,0.007288,0.090150,0.002718,0.014175,53000,
1463529345,0.007288,0.088948,0.002715,0.015120,53000,
1463529345,0.007288,0.110584,0.001812,0.075012,53000,
1463529345,0.007288,0.090150,0.002718,0.016592,53000,
1463529346,0.007288,0.087746,0.002718,0.013230,53000,
1463529346,0.007288,0.088948,0.002718,0.013230,53000,
1463529346,0.007288,0.091352,0.001812,0.015120,53000,
1463529347,0.373540,0.099766,0.002715,0.098523,53000,
1463529347,0.007288,0.090150,0.001812,0.014175,54000,
1463529347,0.007288,0.090150,0.002718,0.014175,54000,
1463529347,0.007288,0.090150,0.002718,0.015120,54000,
1463529348,0.007288,0.090150,0.002715,0.013230,53000,
1463529348,0.007288,0.091352,0.002718,0.009450,53000,
1463529348,0.007288,0.093756,0.002718,0.023950,53000,
1463529349,0.007288,0.090150,0.001812,0.015408,53000,
1463529349,0.007288,0.090150,0.002715,0.013230,53000,
1463529349,0.007288,0.088948,0.002718,0.014175,53000,
1463529349,0.007288,0.088948,0.002718,0.014175,53000,
1463529350,0.007288,0.090150,0.001812,0.014175,53000,
1463529350,0.007288,0.090150,0.002715,0.014175,53000,
1463529350,0.007288,0.109382,0.001810,0.126260,53000,
1463529351,0.007288,0.098564,0.002715,0.021220,53000,
1463529351,0.007288,0.090150,0.002715,0.014175,53000,
1463529351,0.007288,0.088948,0.002718,0.014175,53000,
1463529352,0.007288,0.088948,0.002718,0.017955,53000,
1463529352,0.109388,0.094958,0.002718,0.017192,54000,
1463529352,0.007288,0.090150,0.001812,0.013342,54000,
1463529352,0.007288,0.088948,0.002715,0.013230,54000,
1463529353,0.007288,0.088948,0.002718,0.012285,53000,
1463529353,0.007288,0.088948,0.002715,0.012285,53000,
1463529353,0.007288,0.090150,0.002718,0.011340,53000,
1463529354,0.007288,0.091352,0.002718,0.023160,53000,
1463529354,0.007288,0.090150,0.001812,0.013272,53000,
1463529354,0.007288,0.090150,0.002715,0.015120,53000,
1463529354,0.007288,0.088948,0.002715,0.015120,53000,
1463529355,0.007288,0.090150,0.002718,0.014175,53000,
1463529355,0.007288,0.091352,0.001812,0.015120,53000,
1463529355,0.007288,0.090150,0.001812,0.014175,53000,
1463529356,0.007288,0.117796,0.002718,0.099170,53000,
1463529356,0.007288,0.088948,0.001812,0.019520,53000,
1463529356,0.007288,0.088948,0.001810,0.016065,53000,
1463529357,0.007288,0.091352,0.001812,0.016065,53000,
1463529357,0.007288,0.093756,0.002715,0.025515,57000,
1463529357,0.071916,0.090150,0.002718,0.014976,57000,
1463529357,0.007288,0.090150,0.002715,0.015120,57000,
1463529358,0.007288,0.090150,0.002718,0.014175,53000,
1463529358,0.007288,0.090150,0.002718,0.016065,53000,
1463529358,0.007288,0.091352,0.002718,0.012285,53000,
1463529359,0.007288,0.090150,0.001812,0.012285,53000,
1463529359,0.007288,0.093756,0.002718,0.024300,53000,
1463529359,0.007288,0.090150,0.002718,0.016184,53000,
1463529359,0.007288,0.090150,0.002718,0.016065,53000,
1463529360,0.007288,0.090150,0.002718,0.017955,53000,
1463529360,0.007288,0.088948,0.002715,0.014175,53000,
1463529360,0.007288,0.090150,0.002718,0.013230,53000,
1463529361,0.007288,0.114190,0.001812,0.015120,54000,
1463529361,0.400980,0.102170,0.001812,0.151554,54000,
1463529361,0.073575,0.096160,0.002715,0.021474,54000,
1463529362,0.377524,0.094958,0.002718,0.096280,54000,
1463529362,0.099617,0.094958,0.002718,0.025476,54000,
1463529362,0.386904,0.099766,0.002718,0.096876,54000,
1463529362,0.007288,0.091352,0.002718,0.016065,54000,
1463529363,0.007288,0.091352,0.002718,0.014175,54000,
1463529363,0.007288,0.088948,0.002718,0.015120,54000,
1463529363,0.007288,0.091352,0.002718,0.047000,54000,
1463529364,0.442775,0.102170,0.002718,0.060270,54000,
1463529364,0.068080,0.093756,0.002715,0.075442,58000,
1463529364,0.443226,0.098564,0.002718,0.041820,58000,
1463529364,0.181740,0.094958,0.002718,0.091206,58000,
1463529365,0.317750,0.096160,0.002715,0.018420,54000,
1463529365,0.232470,0.100968,0.002718,0.100125,54000,
1463529365,0.241211,0.094958,0.002718,0.017192,54000,
1463529366,0.169456,0.094958,0.002715,0.015704,54000,
1463529366,0.007288,0.094958,0.002715,0.033948,54000,
1463529366,0.373125,0.098564,0.002715,0.086265,54000,
1463529366,0.071969,0.090150,0.002715,0.024310,54000,
1463529367,0.060588,0.097362,0.002715,0.084870,55000,
1463529367,0.353421,0.094958,0.002718,0.043050,55000,
1463529367,0.021864,0.094958,0.002715,0.025400,55000,
1463529368,0.509402,0.097362,0.002718,0.089863,55000,
1463529368,0.031885,0.090150,0.002718,0.017392,54000,
1463529368,0.007288,0.091352,0.002718,0.016065,54000,
1463529368,0.007288,0.091352,0.002715,0.014175,54000,
1463529369,0.063825,0.098564,0.002715,0.076504,54000,
1463529369,0.401229,0.093756,0.002718,0.029472,54000,
1463529369,0.175404,0.099766,0.002718,0.099000,54000,
1463529370,0.288684,0.093756,0.002718,0.017192,54000,
1463529370,0.267718,0.100968,0.002718,0.099000,55000,
1463529370,0.192960,0.093756,0.002718,0.017010,55000,
1463529370,0.368046,0.099766,0.002718,0.090060,55000,
1463529371,0.077454,0.093756,0.002718,0.021420,59000,
1463529371,0.387767,0.099766,0.002718,0.095530,59000,
1463529371,0.136010,0.092554,0.002718,0.017370,59000,
1463529372,0.008199,0.098564,0.002715,0.051940,59000,
1463529372,0.370922,0.093756,0.002715,0.073860,55000,
1463529372,0.463386,0.097362,0.002718,0.095360,55000,
1463529372,0.125105,0.092554,0.002715,0.017325,55000,
1463529373,0.007288,0.100968,0.002718,0.063063,55000,
1463529373,0.363154,0.092554,0.002718,0.056580,55000,
1463529373,0.035529,0.088948,0.002718,0.018594,55000,
1463529374,0.007288,0.090150,0.002718,0.010395,55000,
1463529374,0.007288,0.090150,0.002718,0.012285,54000,
1463529374,0.007288,0.090150,0.002718,0.014175,54000,
1463529374,0.181972,0.094958,0.001812,0.090636,54000,
1463529375,0.292190,0.098564,0.002718,0.017192,58000,
1463529375,0.168608,0.096160,0.002718,0.020332,58000,
1463529375,0.364936,0.097362,0.002718,0.097440,58000,
1463529376,0.133380,0.094958,0.002718,0.023420,58000,
1463529376,0.418162,0.099766,0.002718,0.088875,59000,
1463529376,0.053816,0.093756,0.002718,0.035340,59000,
1463529376,0.463504,0.100968,0.002718,0.086123,59000,
1463529377,0.074925,0.092554,0.002715,0.017680,54000,
1463529377,0.007288,0.094958,0.002718,0.074376,54000,
1463529377,0.384912,0.099766,0.002718,0.047970,54000,
1463529378,0.052838,0.092554,0.002715,0.022352,54000,
1463529378,0.488520,0.102170,0.002718,0.089863,56000,
1463529378,0.088608,0.090150,0.002715,0.015484,56000,
1463529378,0.357582,0.094958,0.002718,0.027016,56000,
1463529379,0.032796,0.092554,0.002718,0.015776,54000,
1463529379,0.007288,0.090150,0.002718,0.014175,54000,
1463529379,0.007288,0.090150,0.002718,0.013230,54000,
1463529380,0.007288,0.090150,0.002718,0.016065,58000,
1463529380,0.311304,0.099766,0.002715,0.092502,58000,
1463529380,0.119952,0.093756,0.002718,0.022572,58000,
1463529381,0.351130,0.099766,0.002718,0.097774,58000,
1463529381,0.089585,0.093756,0.002718,0.026496,58000,
1463529381,0.375578,0.099766,0.002718,0.093834,58000,
1463529381,0.097755,0.097362,0.002718,0.045640,58000,
1463529382,0.078518,0.099766,0.002718,0.066177,55000,
1463529382,0.345477,0.094958,0.002718,0.080015,55000,
1463529382,0.030063,0.096160,0.002715,0.025440,55000,
1463529383,0.363592,0.099766,0.002718,0.087764,55000,
1463529383,0.097552,0.092554,0.002715,0.021660,54000,
1463529383,0.191880,0.100968,0.002718,0.089667,54000,
1463529383,0.291300,0.092554,0.002718,0.018165,54000,
1463529384,0.007288,0.098564,0.001812,0.033948,55000,
1463529384,0.305916,0.097362,0.001812,0.096960,55000,
1463529384,0.114080,0.091352,0.002718,0.014534,55000,
1463529385,0.007288,0.088948,0.002718,0.013230,55000,
1463529385,0.007288,0.091352,0.001812,0.013230,54000,
1463529385,0.007288,0.102170,0.001812,0.062037,54000,
1463529385,0.426505,0.093756,0.002718,0.054120,54000,
1463529386,0.040995,0.100968,0.002718,0.089033,55000,
1463529386,0.419890,0.100968,0.002715,0.029472,55000,
1463529386,0.094451,0.094958,0.001812,0.095625,55000,
1463529387,0.368151,0.098564,0.002715,0.017220,55000,
1463529387,0.180614,0.094958,0.002718,0.096750,56000,
1463529387,0.330820,0.098564,0.001812,0.017052,56000,
1463529387,0.218312,0.099766,0.001812,0.099006,56000,
1463529388,0.007288,0.092554,0.002718,0.035834,54000,
1463529388,0.347400,0.099766,0.002715,0.085008,54000,
1463529388,0.096180,0.091352,0.001810,0.021720,54000,
1463529389,0.007288,0.094958,0.002715,0.097929,54000,
1463529389,0.360789,0.098564,0.002718,0.031928,55000,
1463529389,0.020953,0.096160,0.001812,0.041656,55000,
1463529389,0.437144,0.100968,0.002718,0.071398,55000,
1463529390,0.112046,0.091352,0.002718,0.017088,54000,
1463529390,0.007288,0.090150,0.001812,0.015120,54000,
1463529390,0.007288,0.088948,0.002718,0.014175,54000,
1463529391,0.007288,0.096160,0.002718,0.087166,54000,
1463529391,0.468696,0.096160,0.001810,0.017192,55000,
1463529391,0.070994,0.099766,0.002718,0.102375,55000,
1463529391,0.462502,0.093756,0.002718,0.017192,55000,
1463529392,0.161994,0.100968,0.001812,0.100125,56000,
1463529392,0.349525,0.094958,0.002718,0.019168,56000,
1463529392,0.267718,0.100968,0.002718,0.091403,56000,
1463529393,0.154560,0.093756,0.002718,0.029325,56000,
1463529393,0.335556,0.100968,0.002718,0.089832,55000,
1463529393,0.161840,0.090150,0.002718,0.015960,55000,
1463529393,0.007288,0.097362,0.002718,0.060878,55000,
1463529394,0.372864,0.094958,0.001812,0.068880,54000,
1463529394,0.081900,0.094958,0.002718,0.020800,54000,
1463529394,0.158102,0.091352,0.001812,0.013464,54000,
1463529395,0.007288,0.100968,0.002718,0.074241,54000,
1463529395,0.355386,0.093756,0.001812,0.045510,55000,
1463529395,0.051016,0.090150,0.002718,0.019304,55000,
1463529395,0.007288,0.090150,0.001812,0.014175,55000,
1463529396,0.007288,0.090150,0.002718,0.010395,54000,
1463529396,0.007288,0.092554,0.001812,0.012285,54000,
1463529396,0.086025,0.099766,0.002718,0.096309,54000,
1463529397,0.354050,0.097362,0.002715,0.020587,55000,
1463529397,0.192816,0.098564,0.002718,0.102780,55000,
1463529397,0.286638,0.097362,0.002715,0.096432,55000,
1463529397,0.201180,0.099766,0.002715,0.035010,55000,
1463529398,0.285844,0.092554,0.001812,0.094068,55000,
1463529398,0.102786,0.092554,0.002718,0.049063,55000,
1463529398,0.325655,0.100968,0.002718,0.093632,55000,
1463529399,0.053808,0.093756,0.001812,0.022827,54000,
1463529399,0.196980,0.097362,0.002718,0.090480,54000,
1463529399,0.315882,0.097362,0.002718,0.017565,54000,
1463529399,0.007288,0.091352,0.002718,0.045355,54000,
1463529400,0.305271,0.100968,0.002718,0.083708,54000,
1463529400,0.086292,0.091352,0.002718,0.019224,54000,
1463529400,0.347028,0.097362,0.002718,0.017192,54000,
1463529401,0.034618,0.091352,0.002718,0.014550,54000,
1463529401,0.007288,0.088948,0.002718,0.014175,54000,
1463529401,0.007288,0.090150,0.001810,0.012285,54000,
1463529402,0.007288,0.088948,0.002718,0.014175,54000,
1463529402,0.007288,0.092554,0.001812,0.028350,54000,
1463529402,0.342084,0.099766,0.002715,0.087472,54000,
1463529402,0.097500,0.090150,0.001810,0.012045,54000,
1463529403,0.007288,0.091352,0.002718,0.014175,54000,
1463529403,0.007288,0.090150,0.001812,0.015120,54000,
1463529403,0.007288,0.088948,0.002715,0.014175,54000,
1463529404,0.007288,0.090150,0.002718,0.015120,54000,
1463529404,0.007288,0.094958,0.002718,0.025480,54000,
1463529404,0.007288,0.088948,0.001810,0.014175,54000,
1463529404,0.007288,0.090150,0.001812,0.012285,54000,
1463529405,0.007288,0.087746,0.002718,0.010395,53000,
1463529405,0.007288,0.090150,0.002718,0.015120,53000,
1463529405,0.007288,0.090150,0.001812,0.014175,53000,
1463529406,0.007288,0.100968,0.001810,0.022680,53000,
1463529406,0.007288,0.102170,0.001812,0.113296,53000,
1463529406,0.007288,0.088948,0.001812,0.015360,53000,
1463529407,0.007288,0.090150,0.001810,0.014175,53000,
1463529407,0.007288,0.090150,0.002718,0.014175,53000,
1463529407,0.007288,0.100968,0.001812,0.069412,53000,
1463529407,0.476976,0.092554,0.002718,0.041820,53000,
1463529408,0.069160,0.091352,0.002718,0.010100,53000,
1463529408,0.007288,0.090150,0.001812,0.013230,53000,
1463529408,0.007288,0.090150,0.002718,0.013230,53000,
1463529409,0.007288,0.091352,0.002718,0.014175,53000,
1463529409,0.007288,0.092554,0.001812,0.013230,53000,
1463529409,0.007288,0.090150,0.001812,0.024275,53000,
1463529409,0.007288,0.090150,0.002718,0.013230,53000,
1463529410,0.007288,0.090150,0.002715,0.010395,53000,
1463529410,0.007288,0.090150,0.002715,0.013230,53000,
1463529410,0.007288,0.090150,0.001810,0.014175,53000,
1463529411,0.007288,0.090150,0.002715,0.014175,53000,
1463529411,0.007288,0.088948,0.001812,0.044556,53000,
1463529411,0.007288,0.112988,0.002715,0.078192,53000,
1463529412,0.007288,0.090150,0.002718,0.015120,53000,
1463529412,0.007288,0.090150,0.002718,0.014175,53000,
1463529412,0.007288,0.091352,0.001810,0.018900,53000,
1463529412,0.007288,0.093756,0.002718,0.056672,53000,
1463529413,0.379647,0.099766,0.002715,0.060270,54000,
1463529413,0.082325,0.091352,0.002718,0.011363,54000,
1463529413,0.007288,0.090150,0.001812,0.015120,54000,
1463529414,0.007288,0.090150,0.002718,0.015120,54000,
1463529414,0.007288,0.088948,0.002718,0.014175,53000,
1463529414,0.007288,0.090150,0.002718,0.020790,53000,
1463529414,0.007288,0.092554,0.002718,0.021582,53000,
1463529415,0.007288,0.088948,0.001812,0.014175,53000,
1463529415,0.007288,0.090150,0.001812,0.009450,53000,
1463529415,0.007288,0.090150,0.001812,0.014175,53000,
1463529416,0.007288,0.090150,0.001812,0.016065,53000,
1463529416,0.007288,0.090150,0.001812,0.014175,53000,
1463529416,0.007288,0.106978,0.001812,0.066654,53000,
1463529417,0.007288,0.096160,0.002718,0.064260,53000,
1463529417,0.007288,0.090150,0.001812,0.014175,53000,
1463529417,0.007288,0.090150,0.002715,0.016065,53000,
1463529417,0.007288,0.091352,0.001810,0.012285,53000,
1463529418,0.007288,0.097362,0.001812,0.085644,54000,
1463529418,0.552296,0.092554,0.002718,0.017192,54000,
1463529418,0.018220,0.090150,0.002718,0.016065,54000,
1463529419,0.007288,0.090150,0.002718,0.015120,54000,
1463529419,0.007288,0.090150,0.002718,0.015120,53000,
1463529419,0.007288,0.088948,0.001810,0.014175,53000,
1463529419,0.007288,0.092554,0.001812,0.019887,53000,
1463529420,0.007288,0.091352,0.001812,0.017388,53000,
1463529420,0.007288,0.090150,0.001812,0.014175,53000,
1463529420,0.007288,0.090150,0.002715,0.014175,53000,
1463529421,0.007288,0.090150,0.001810,0.014175,53000,
1463529421,0.007288,0.090150,0.002718,0.014175,53000,
1463529421,0.007288,0.090150,0.001812,0.016065,53000,
1463529422,0.007288,0.118998,0.002715,0.072580,53000,
1463529422,0.007288,0.091352,0.002718,0.050337,53000,
1463529422,0.007288,0.090150,0.001810,0.014175,53000,
1463529422,0.007288,0.090150,0.001812,0.010395,53000,
1463529423,0.007288,0.091352,0.001812,0.012285,53000,
1463529423,0.007288,0.092554,0.002718,0.094600,53000,
1463529423,0.029152,0.092554,0.002718,0.017316,53000,
1463529424,0.007288,0.091352,0.001812,0.015120,53000,
1463529424,0.007288,0.088948,0.002718,0.015120,53000,
1463529424,0.007288,0.090150,0.001812,0.014175,53000,
1463529425,0.007288,0.090150,0.002718,0.015120,53000,
1463529425,0.007288,0.091352,0.002718,0.028350,53000,
1463529425,0.007288,0.100968,0.002718,0.038520,53000,
1463529425,0.007288,0.090150,0.002718,0.014175,53000,
1463529426,0.007288,0.090150,0.002718,0.015120,53000,
1463529426,0.007288,0.088948,0.001812,0.015120,53000,
1463529426,0.007288,0.091352,0.001810,0.013230,53000,
1463529427,0.007288,0.090150,0.001812,0.017010,53000,
1463529427,0.007288,0.108180,0.002718,0.094276,53000,
1463529427,0.007288,0.092554,0.001812,0.027175,53000,
1463529427,0.007288,0.090150,0.002718,0.012285,53000,
1463529428,0.007288,0.088948,0.002718,0.010395,53000,
1463529428,0.007288,0.090150,0.001812,0.014175,53000,
1463529428,0.007288,0.097362,0.002715,0.097929,53000,
1463529429,0.038514,0.090150,0.002718,0.016660,53000,
1463529429,0.007288,0.090150,0.001812,0.015120,53000,
1463529429,0.007288,0.090150,0.002718,0.013230,53000,
1463529430,0.007288,0.090150,0.002715,0.014175,53000,
1463529430,0.007288,0.090150,0.001812,0.013230,53000,
1463529430,0.007288,0.092554,0.001810,0.021054,53000,
1463529430,0.007288,0.088948,0.002718,0.012389,53000,
1463529431,0.007288,0.088948,0.002718,0.015120,53000,
1463529431,0.007288,0.088948,0.002718,0.015120,53000,
1463529431,0.007288,0.090150,0.001812,0.013230,53000,
1463529432,0.007288,0.090150,0.002718,0.014175,53000,
1463529432,0.007288,0.090150,0.002718,0.014175,53000,
1463529432,0.007288,0.114190,0.002718,0.104550,53000,
1463529432,0.007288,0.091352,0.001812,0.027250,53000,
1463529433,0.007288,0.090150,0.002718,0.010395,53000,
1463529433,0.007288,0.088948,0.001812,0.012285,53000,
1463529433,0.007288,0.091352,0.002718,0.018900,53000,
1463529434,0.492666,0.090150,0.002718,0.017640,54000,
1463529434,0.026419,0.091352,0.002718,0.015120,54000,
1463529434,0.007288,0.090150,0.001812,0.014175,54000,
1463529435,0.007288,0.090150,0.002718,0.014175,54000,
1463529435,0.007288,0.090150,0.002718,0.013230,53000,
1463529435,0.007288,0.090150,0.002718,0.015120,53000,
1463529435,0.007288,0.090150,0.002718,0.016371,53000,
1463529436,0.007288,0.092554,0.002718,0.017226,53000,
1463529436,0.007288,0.090150,0.002718,0.014175,53000,
1463529436,0.007288,0.090150,0.002718,0.014175,53000,
1463529437,0.007288,0.090150,0.001810,0.015120,53000,
1463529437,0.007288,0.086544,0.002715,0.014175,53000,
1463529437,0.007288,0.088948,0.002715,0.017010,53000,
1463529437,0.007288,0.112988,0.002715,0.157052,53000,
1463529438,0.511494,0.099766,0.002718,0.017164,54000,
1463529438,0.064610,0.098564,0.002718,0.088140,54000,
1463529438,0.508280,0.093756,0.002718,0.022667,54000,
1463529439,0.019131,0.098564,0.002718,0.096280,54000,
1463529439,0.478595,0.093756,0.002718,0.019686,54000,
1463529439,0.007288,0.091352,0.002718,0.014175,54000,
1463529439,0.007288,0.091352,0.002718,0.016065,54000,
1463529440,0.007288,0.091352,0.002718,0.032708,54000,
1463529440,0.216678,0.098564,0.002718,0.073860,54000,
1463529440,0.354264,0.094958,0.002718,0.061765,54000,
1463529441,0.309400,0.098564,0.002718,0.059040,54000,
1463529441,0.193965,0.096160,0.002715,0.076568,54000,
1463529441,0.386496,0.097362,0.002718,0.041820,54000,
1463529441,0.105181,0.096160,0.002718,0.091206,54000,
1463529442,0.415471,0.096160,0.002718,0.017192,54000,
1463529442,0.053067,0.099766,0.002718,0.093209,54000,
1463529442,0.069600,0.094958,0.002718,0.031251,54000,
1463529443,0.007288,0.102170,0.002718,0.173275,55000,
1463529443,0.139944,0.088948,0.002718,0.014820,55000,
1463529443,0.043728,0.098564,0.002715,0.063872,55000,
1463529443,0.258944,0.094958,0.002715,0.057810,55000,
1463529444,0.175398,0.094958,0.002718,0.023759,54000,
1463529444,0.058752,0.096160,0.002718,0.086123,54000,
1463529444,0.490880,0.090150,0.002715,0.016695,54000,
1463529445,0.016398,0.088948,0.002718,0.015120,54000,
1463529445,0.007288,0.090150,0.001812,0.015120,54000,
1463529445,0.007288,0.097362,0.001812,0.056952,54000,
1463529446,0.333200,0.093756,0.002718,0.049200,54000,
1463529446,0.128520,0.102170,0.002718,0.085576,54000,
1463529446,0.386319,0.094958,0.002718,0.028290,54000,
1463529446,0.137193,0.102170,0.002718,0.096922,54000,
1463529447,0.435024,0.102170,0.002715,0.017192,54000,
1463529447,0.080835,0.092554,0.002718,0.093375,54000,
1463529447,0.470136,0.099766,0.002715,0.018180,54000,
1463529448,0.076858,0.096160,0.002715,0.094786,54000,
1463529448,0.462675,0.098564,0.002715,0.015444,54000,
1463529448,0.028210,0.092554,0.002715,0.039774,54000,
1463529448,0.350170,0.093756,0.002718,0.016305,54000,
1463529449,0.015487,0.093756,0.002715,0.097929,54000,
1463529449,0.243015,0.099766,0.002718,0.028244,54000,
1463529449,0.136037,0.090150,0.001812,0.037592,54000,
1463529450,0.166074,0.102170,0.002718,0.071398,54000,
1463529450,0.399114,0.093756,0.002718,0.020292,54000,
1463529450,0.007288,0.088948,0.001812,0.014175,54000,
1463529450,0.007288,0.091352,0.001812,0.009450,54000,
1463529451,0.007288,0.090150,0.001812,0.014175,54000,
1463529451,0.007288,0.093756,0.001812,0.088644,54000,
1463529451,0.047073,0.097362,0.001812,0.096836,54000,
1463529452,0.446880,0.094958,0.001812,0.017192,54000,
1463529452,0.042550,0.099766,0.001812,0.099000,54000,
1463529452,0.415229,0.093756,0.001810,0.020315,54000,
1463529452,0.063135,0.102170,0.002715,0.103240,54000,
1463529453,0.406955,0.094958,0.001812,0.027048,54000,
1463529453,0.081900,0.098564,0.001812,0.092508,54000,
1463529453,0.457700,0.092554,0.002718,0.022800,54000,
1463529454,0.021864,0.094958,0.001810,0.064870,54000,
1463529454,0.231240,0.097362,0.001812,0.061550,55000,
1463529454,0.197820,0.091352,0.001812,0.021735,55000,
1463529454,0.007288,0.098564,0.002715,0.102579,55000,
1463529455,0.071526,0.098564,0.001810,0.062098,54000,
1463529455,0.296411,0.096160,0.001812,0.040590,54000,
1463529455,0.196800,0.091352,0.001810,0.020320,54000,
1463529456,0.007288,0.090150,0.002715,0.014175,54000,
1463529456,0.007288,0.090150,0.001810,0.012285,54000,
1463529456,0.007288,0.090150,0.001812,0.014175,54000,
1463529457,0.007288,0.100968,0.001812,0.086736,54000,
1463529457,0.411039,0.094958,0.001812,0.020587,54000,
1463529457,0.041625,0.099766,0.002718,0.099354,54000,
1463529457,0.433820,0.092554,0.001812,0.023520,54000,
1463529458,0.439236,0.096160,0.001812,0.026473,54000,
1463529458,0.026419,0.098564,0.002718,0.095195,54000,
1463529458,0.465470,0.097362,0.002715,0.032538,54000,
1463529458,0.078862,0.094958,0.001812,0.084939,54000,
1463529459,0.471200,0.094958,0.002715,0.020653,54000,
1463529459,0.010932,0.092554,0.001810,0.097929,54000,
1463529459,0.287806,0.100968,0.001810,0.031928,54000,
1463529460,0.116205,0.090150,0.001810,0.036576,56000,
1463529460,0.074000,0.099766,0.001810,0.071398,56000,
1463529460,0.509808,0.092554,0.002715,0.013910,56000,
1463529460,0.015487,0.094958,0.001810,0.103887,56000,
1463529461,0.061116,0.091352,0.001812,0.014490,54000,
1463529461,0.007288,0.090150,0.001812,0.014175,54000,
1463529461,0.007288,0.090150,0.001812,0.013230,54000,
1463529462,0.007288,0.088948,0.001812,0.019845,53000,
1463529462,0.007288,0.097362,0.001812,0.088160,53000,
1463529462,0.394400,0.096160,0.001810,0.028925,53000,
1463529463,0.070147,0.100968,0.001812,0.090212,53000,
1463529463,0.467562,0.093756,0.001812,0.033960,54000,
1463529463,0.018220,0.102170,0.001812,0.086833,54000,
1463529463,0.454715,0.096160,0.001812,0.041514,54000,
1463529464,0.072443,0.102170,0.001812,0.083708,54000,
1463529464,0.411579,0.092554,0.001812,0.055027,54000,
1463529464,0.346388,0.090150,0.001810,0.015765,54000,
1463529465,0.007288,0.099766,0.001812,0.102021,54000,
1463529465,0.328100,0.093756,0.001812,0.017192,55000,
1463529465,0.141664,0.093756,0.001812,0.061020,55000,
1463529465,0.188538,0.098564,0.001810,0.044280,55000,
1463529466,0.411272,0.092554,0.001810,0.024360,54000,
1463529466,0.007288,0.098564,0.001812,0.095455,54000,
1463529466,0.364014,0.093756,0.001812,0.020519,54000,
1463529467,0.050600,0.088948,0.001812,0.008505,54000,
1463529467,0.007288,0.088948,0.001812,0.013230,54000,
1463529467,0.007288,0.093756,0.001812,0.027405,54000,
1463529467,0.007288,0.099766,0.001812,0.097040,54000,
1463529468,0.376110,0.093756,0.001812,0.031500,54000,
1463529468,0.062790,0.098564,0.001812,0.081246,54000,
1463529468,0.397005,0.097362,0.001812,0.056100,54000,
1463529469,0.358658,0.096160,0.001812,0.063960,54000,
1463529469,0.175028,0.099766,0.001812,0.071872,54000,
1463529469,0.322063,0.092554,0.001812,0.050430,54000,
1463529469,0.242176,0.099766,0.001810,0.086779,54000,
1463529470,0.237584,0.093756,0.001812,0.029472,54000,
1463529470,0.007288,0.093756,0.001812,0.020937,54000,
1463529470,0.374400,0.098564,0.001812,0.100496,54000,
1463529471,0.302736,0.102170,0.001812,0.088893,54000,
1463529471,0.285855,0.102170,0.001812,0.017192,56000,
1463529471,0.007288,0.092554,0.001810,0.029130,56000,
1463529471,0.316220,0.096160,0.001812,0.098028,56000,
1463529472,0.082170,0.099766,0.001812,0.018736,54000,
1463529472,0.007288,0.091352,0.001812,0.016167,54000,
1463529472,0.007288,0.090150,0.001812,0.014175,54000,
1463529473,0.007288,0.090150,0.001812,0.011340,54000,
1463529473,0.007288,0.090150,0.001812,0.037908,53000,
1463529473,0.434385,0.099766,0.001812,0.077553,53000,
1463529473,0.145225,0.096160,0.001812,0.074165,53000,
1463529474,0.216216,0.092554,0.001812,0.080856,54000,
1463529474,0.247938,0.100968,0.001812,0.036900,54000,
1463529474,0.279070,0.096160,0.001812,0.096836,54000,
1463529475,0.166250,0.098564,0.001810,0.017192,54000,
1463529475,0.318720,0.096160,0.001812,0.096922,54000,
1463529475,0.123795,0.099766,0.001812,0.017192,54000,
1463529475,0.116802,0.093756,0.001812,0.062037,54000,
1463529476,0.490675,0.102170,0.001812,0.047970,54000,
1463529476,0.013665,0.091352,0.001812,0.020400,54000,
1463529476,0.317790,0.098564,0.001810,0.096148,54000,
1463529477,0.068968,0.093756,0.001812,0.016954,54000,
1463529477,0.007288,0.094958,0.001810,0.037720,54000,
1463529477,0.084630,0.091352,0.001810,0.015470,54000,
1463529477,0.007288,0.091352,0.001812,0.015120,54000,
1463529478,0.007288,0.091352,0.001812,0.013230,53000,
1463529478,0.007288,0.091352,0.001812,0.014175,53000,
1463529478,0.007288,0.091352,0.001812,0.014175,53000,
1463529479,0.347480,0.099766,0.001812,0.095920,54000,
1463529479,0.119357,0.092554,0.001812,0.017192,54000,
1463529479,0.007288,0.087746,0.001812,0.012285,54000,
1463529480,0.007288,0.090150,0.001812,0.013230,54000,
1463529480,0.007288,0.091352,0.001812,0.017010,53000,
1463529480,0.007288,0.088948,0.001812,0.014175,53000,
1463529480,0.007288,0.092554,0.001810,0.021032,53000,
1463529481,0.007288,0.088948,0.001812,0.017388,53000,
1463529481,0.007288,0.088948,0.001812,0.013230,53000,
1463529481,0.007288,0.090150,0.001812,0.013230,53000,
1463529482,0.007288,0.091352,0.001810,0.009450,53000,
1463529482,0.007288,0.090150,0.001812,0.013230,53000,
1463529482,0.007288,0.088948,0.001812,0.014175,53000,
1463529482,0.007288,0.109382,0.001810,0.081081,53000,
1463529483,0.007288,0.090150,0.001810,0.019057,53000,
1463529483,0.007288,0.090150,0.001812,0.014175,53000,
1463529483,0.007288,0.091352,0.001812,0.014175,53000,
1463529484,0.007288,0.090150,0.001812,0.017955,53000,
1463529484,0.516126,0.093756,0.001812,0.089528,53000,
1463529484,0.073398,0.097362,0.001812,0.014846,53000,
1463529485,0.007288,0.091352,0.001812,0.013230,53000,
1463529485,0.007288,0.091352,0.001812,0.016065,53000,
1463529485,0.007288,0.088948,0.001812,0.015120,53000,
1463529485,0.007288,0.087746,0.001810,0.013230,53000,
1463529486,0.007288,0.090150,0.001812,0.022126,53000,
1463529486,0.007288,0.092554,0.001812,0.014265,53000,
1463529486,0.007288,0.091352,0.001810,0.014175,53000,
1463529487,0.007288,0.090150,0.001812,0.010395,53000,
1463529487,0.007288,0.090150,0.001810,0.012285,53000,
1463529487,0.007288,0.091352,0.001812,0.014175,53000,
1463529488,0.007288,0.090150,0.001812,0.015120,53000,
1463529488,0.007288,0.104574,0.001810,0.105060,53000,
1463529488,0.007288,0.099766,0.001812,0.027450,53000,
1463529488,0.007288,0.087746,0.001812,0.014175,53000,
1463529489,0.007288,0.088948,0.001812,0.013230,53000,
1463529489,0.007288,0.090150,0.001812,0.018900,53000,
1463529489,0.389940,0.102170,0.001812,0.097524,53000,
1463529490,0.007288,0.088948,0.001812,0.014175,53000,
1463529490,0.007288,0.091352,0.001810,0.013230,53000,
1463529490,0.007288,0.088948,0.001812,0.013230,53000,
1463529490,0.007288,0.090150,0.001812,0.013230,53000,
1463529491,0.007288,0.090150,0.001812,0.014175,53000,
1463529491,0.007288,0.092554,0.001812,0.024250,53000,
1463529491,0.007288,0.090150,0.001812,0.015280,53000,
1463529492,0.007288,0.090150,0.001812,0.010395,53000,
1463529492,0.007288,0.088948,0.001812,0.011340,53000,
1463529492,0.007288,0.090150,0.001810,0.013230,53000,
1463529493,0.006377,0.088948,0.001812,0.013230,53000,
1463529493,0.007288,0.092554,0.001812,0.013230,53000,
1463529493,0.007288,0.110584,0.001810,0.095920,53000,
1463529493,0.007288,0.088948,0.001810,0.016524,53000,
1463529494,0.007288,0.090150,0.001810,0.015120,53000,
1463529494,0.007288,0.090150,0.001812,0.013230,53000,
1463529494,0.007288,0.094958,0.001812,0.022149,53000,
1463529495,0.493500,0.096160,0.001812,0.089863,53000,
1463529495,0.036440,0.090150,0.001812,0.011891,53000,
1463529495,0.007288,0.090150,0.002718,0.016065,53000,
1463529495,0.007288,0.090150,0.001812,0.014175,53000,
1463529496,0.007288,0.090150,0.001810,0.014175,53000,
1463529496,0.007288,0.088948,0.001812,0.014175,53000,
1463529496,0.007288,0.090150,0.001812,0.027104,53000,
1463529497,0.007288,0.093756,0.001812,0.015120,53000,
1463529497,0.007288,0.091352,0.001812,0.014175,53000,
1463529497,0.007288,0.090150,0.001812,0.009450,53000,
1463529497,0.007288,0.090150,0.001812,0.016065,53000,
1463529498,0.006377,0.090150,0.001812,0.014175,53000,
1463529498,0.007288,0.088948,0.001812,0.016065,53000,
1463529498,0.007288,0.105776,0.001812,0.089712,53000,
1463529499,0.007288,0.093756,0.001812,0.016269,53000,
1463529499,0.007288,0.088948,0.001812,0.014175,53000,
1463529499,0.007288,0.090150,0.002718,0.016065,53000,
1463529500,0.007288,0.090150,0.001812,0.025515,53000,
1463529500,0.374073,0.100968,0.001810,0.091950,53000,
1463529500,0.007288,0.090150,0.002718,0.014175,53000,
1463529500,0.007288,0.090150,0.001812,0.013230,53000,
1463529501,0.007288,0.088948,0.001812,0.016065,53000,
1463529501,0.007288,0.090150,0.001812,0.014175,53000,
1463529501,0.007288,0.090150,0.001810,0.013230,53000,
1463529502,0.007288,0.099766,0.001812,0.066465,53000,
1463529502,0.007288,0.088948,0.001812,0.015408,53000,
1463529502,0.007288,0.090150,0.001810,0.014175,53000,
1463529502,0.007288,0.090150,0.001812,0.009450,53000,
1463529503,0.007288,0.091352,0.001812,0.014175,53000,
1463529503,0.007288,0.088948,0.001812,0.016065,53000,
1463529503,0.007288,0.088948,0.001812,0.016065,53000,
1463529504,0.007288,0.117796,0.001810,0.153780,53000,
1463529504,0.007288,0.090150,0.001812,0.015360,53000,
1463529504,0.007288,0.090150,0.001812,0.014175,53000,
1463529505,0.007288,0.090150,0.001812,0.014175,53000,
1463529505,0.007288,0.092554,0.001812,0.027405,53000,
1463529505,0.371686,0.098564,0.002718,0.088948,53000,
1463529505,0.007288,0.087746,0.002715,0.014175,53000,
1463529506,0.007288,0.091352,0.001812,0.014175,53000,
1463529506,0.007288,0.088948,0.001810,0.015120,53000,
1463529506,0.007288,0.088948,0.001812,0.013230,53000,
1463529507,0.007288,0.090150,0.002718,0.014175,53000,
1463529507,0.007288,0.092554,0.001812,0.023112,53000,
1463529507,0.007288,0.088948,0.001812,0.013230,53000,
1463529507,0.007288,0.090150,0.001812,0.009450,53000,
1463529508,0.007288,0.090150,0.001810,0.013230,53000,
1463529508,0.007288,0.088948,0.001812,0.015120,53000,
1463529508,0.007288,0.090150,0.001812,0.014175,53000,
1463529509,0.007288,0.091352,0.002715,0.027405,53000,
1463529509,0.007288,0.110584,0.001810,0.079550,53000,
1463529509,0.007288,0.092554,0.001812,0.016065,53000,
1463529510,0.007288,0.090150,0.001812,0.013230,53000,
1463529510,0.007288,0.090150,0.001810,0.015120,53000,
1463529510,0.007288,0.090150,0.001812,0.046046,53000,
1463529510,0.514632,0.098564,0.002715,0.056626,53000,
1463529511,0.007288,0.090150,0.002718,0.016065,53000,
1463529511,0.007288,0.088948,0.001812,0.014175,53000,
1463529511,0.007288,0.090150,0.001812,0.013230,53000,
1463529512,0.007288,0.087746,0.002715,0.014175,53000,
1463529512,0.007288,0.090150,0.002718,0.013230,53000,
1463529512,0.007288,0.092554,0.001812,0.025220,53000,
1463529512,0.007288,0.090150,0.001812,0.013230,53000,
1463529513,0.007288,0.091352,0.001812,0.008505,53000,
1463529513,0.007288,0.090150,0.001812,0.015120,53000,
1463529513,0.007288,0.090150,0.001812,0.012285,53000,
1463529514,0.007288,0.088948,0.001812,0.014175,53000,
1463529514,0.007288,0.090150,0.001812,0.030240,53000,
1463529514,0.222306,0.122604,0.001812,0.159433,53000,
1463529515,0.219282,0.092554,0.001812,0.026224,53000,
1463529515,0.305913,0.099766,0.001810,0.101652,54000,
1463529515,0.108576,0.093756,0.001812,0.042120,54000,
1463529515,0.275417,0.099766,0.002718,0.097362,54000,
1463529516,0.069388,0.091352,0.002715,0.016830,53000,
1463529516,0.007288,0.090150,0.002718,0.014175,53000,
1463529516,0.007288,0.090150,0.002718,0.013230,53000,
1463529517,0.007288,0.096160,0.001812,0.058174,53000,
1463529517,0.395412,0.097362,0.001812,0.054120,54000,
1463529517,0.022775,0.098564,0.001810,0.084225,54000,
1463529517,0.552288,0.093756,0.001812,0.034440,54000,
1463529518,0.028241,0.099766,0.002718,0.100214,55000,
1463529518,0.503126,0.093756,0.002718,0.017192,55000,
1463529518,0.076194,0.100968,0.002718,0.095795,55000,
1463529519,0.391040,0.093756,0.002715,0.017192,55000,
1463529519,0.179683,0.098564,0.002718,0.096750,56000,
1463529519,0.413075,0.092554,0.002715,0.017895,56000,
1463529519,0.331338,0.096160,0.001810,0.093632,56000,
1463529520,0.105316,0.096160,0.002718,0.013200,54000,
1463529520,0.007288,0.094958,0.002718,0.093330,54000,
1463529520,0.385487,0.098564,0.001812,0.030750,54000,
1463529521,0.025508,0.092554,0.002718,0.035560,54000,
1463529521,0.446101,0.098564,0.002718,0.080015,55000,
1463529521,0.046599,0.093756,0.002718,0.022533,55000,
1463529521,0.007288,0.091352,0.002718,0.013230,55000,
1463529522,0.007288,0.088948,0.001812,0.012285,54000,
1463529522,0.007288,0.091352,0.002715,0.011340,54000,
1463529522,0.478936,0.100968,0.001812,0.023332,54000,
1463529523,0.018220,0.094958,0.002715,0.100125,54000,
1463529523,0.455787,0.099766,0.001812,0.017192,55000,
1463529523,0.071071,0.094958,0.001812,0.102557,55000,
1463529523,0.376106,0.098564,0.002718,0.020587,55000,
1463529524,0.176148,0.097362,0.001812,0.101638,55000,
1463529524,0.287712,0.094958,0.002718,0.024675,55000,
1463529524,0.292314,0.098564,0.002718,0.094160,55000,
1463529525,0.201600,0.093756,0.001810,0.020646,55000,
1463529525,0.007288,0.094958,0.002718,0.056316,54000,
1463529525,0.338100,0.099766,0.001812,0.061550,54000,
1463529525,0.089768,0.092554,0.001812,0.021020,54000,
1463529526,0.372662,0.096160,0.002718,0.017192,54000,
1463529526,0.018220,0.093756,0.001812,0.058928,54000,
1463529526,0.470080,0.099766,0.001810,0.051660,54000,
1463529527,0.029440,0.092554,0.002718,0.020600,54000,
1463529527,0.007288,0.090150,0.002718,0.014175,54000,
1463529527,0.007288,0.090150,0.001812,0.015120,54000,
1463529527,0.007288,0.090150,0.001810,0.013230,54000,
1463529528,0.007304,0.096160,0.001810,0.089667,55000,
1463529528,0.501034,0.093756,0.001810,0.017108,55000,
1463529528,0.124875,0.100968,0.001812,0.094039,55000,
1463529529,0.177282,0.100968,0.001812,0.096280,55000,
1463529529,0.272976,0.093756,0.001812,0.025454,56000,
1463529529,0.273683,0.100968,0.001812,0.099268,56000,
1463529529,0.233772,0.093756,0.001810,0.028200,56000,
1463529530,0.355200,0.098564,0.001812,0.087046,55000,
1463529530,0.148365,0.093756,0.001812,0.020995,55000,
1463529530,0.115072,0.100968,0.001812,0.100496,55000,
1463529531,0.354288,0.091352,0.001812,0.018800,55000,
1463529531,0.007288,0.098564,0.001812,0.039442,54000,
1463529531,0.295064,0.096160,0.001810,0.087401,54000,
1463529531,0.152295,0.094958,0.001810,0.016170,54000,
1463529532,0.167544,0.098564,0.001812,0.089859,55000,
1463529532,0.007288,0.091352,0.001812,0.016065,55000,
1463529532,0.007288,0.088948,0.001812,0.014175,55000,
1463529533,0.007288,0.091352,0.001810,0.015120,53000,
1463529533,0.007288,0.088948,0.001812,0.035028,53000,
1463529533,0.451360,0.097362,0.001810,0.072629,53000,
1463529534,0.066723,0.094958,0.001810,0.065134,53000,
1463529534,0.449645,0.098564,0.001812,0.051660,54000,
1463529534,0.133764,0.092554,0.001812,0.079875,54000,
1463529534,0.474430,0.100968,0.002718,0.039360,54000,
1463529535,0.062016,0.094958,0.001812,0.091206,55000,
1463529535,0.042817,0.093756,0.001812,0.094584,55000,
1463529535,0.504465,0.099766,0.001812,0.017192,55000,
1463529536,0.020953,0.094958,0.001812,0.066105,55000,
1463529536,0.401302,0.100968,0.001812,0.050430,55000,
1463529536,0.047840,0.091352,0.001812,0.029522,55000,
1463529536,0.007288,0.097362,0.001812,0.105280,55000,
1463529537,0.363280,0.097362,0.002718,0.016954,54000,
1463529537,0.031885,0.093756,0.001810,0.074592,54000,
1463529537,0.452662,0.099766,0.001812,0.030750,54000,
1463529538,0.095264,0.091352,0.001810,0.019960,54000,
1463529538,0.007288,0.090150,0.001810,0.013230,54000,
1463529538,0.007288,0.090150,0.001810,0.015120,54000,
1463529538,0.007328,0.097362,0.001812,0.091368,54000,
1463529539,0.453878,0.094958,0.002718,0.022667,54000,
1463529539,0.115625,0.098564,0.001812,0.097524,54000,
1463529539,0.413431,0.093756,0.001810,0.024360,54000,
1463529540,0.206360,0.099766,0.001812,0.094484,54000,
1463529540,0.329065,0.097362,0.001812,0.052360,54000,
1463529540,0.266950,0.099766,0.001812,0.094479,54000,
1463529540,0.111027,0.094958,0.002718,0.058191,54000,
1463529541,0.254184,0.097362,0.002718,0.081246,54000,
1463529541,0.091000,0.091352,0.002718,0.025550,54000,
1463529541,0.118237,0.102170,0.001812,0.089936,54000,
1463529542,0.007288,0.094958,0.001812,0.055160,54000,
1463529542,0.322846,0.098564,0.002718,0.067705,58000,
1463529542,0.147520,0.091352,0.001812,0.021020,58000,
1463529542,0.007288,0.099766,0.002718,0.104448,58000,
1463529543,0.326337,0.094958,0.001812,0.017192,54000,
1463529543,0.047372,0.091352,0.001812,0.014250,54000,
1463529543,0.007288,0.088948,0.001812,0.013230,54000,
1463529544,0.007288,0.090150,0.001812,0.012285,54000,
1463529544,0.007288,0.092554,0.001812,0.022680,53000,
1463529544,0.118110,0.092554,0.001812,0.089528,53000,
1463529544,0.229810,0.094958,0.001812,0.097040,53000,
1463529545,0.294630,0.097362,0.001812,0.034813,54000,
1463529545,0.300832,0.098564,0.002718,0.089936,54000,
1463529545,0.122679,0.096160,0.001810,0.060473,54000,
1463529546,0.299870,0.098564,0.001810,0.070167,54000,
1463529546,0.088561,0.094958,0.001812,0.103182,54000,
1463529546,0.266560,0.102170,0.001810,0.054045,54000,
1463529546,0.078346,0.091352,0.002718,0.027405,54000,
1463529547,0.219240,0.100968,0.001812,0.084318,55000,
1463529547,0.218147,0.094958,0.001812,0.020995,55000,
1463529547,0.007288,0.092554,0.001812,0.085905,55000,
1463529548,0.329280,0.098564,0.002718,0.036900,55000,
1463529548,0.007288,0.097362,0.002715,0.101460,54000,
1463529548,0.346647,0.093756,0.002718,0.016674,54000,
1463529548,0.040084,0.091352,0.001812,0.013230,54000,
1463529549,0.007288,0.090150,0.001812,0.014175,54000,
1463529549,0.007288,0.090150,0.001812,0.013230,54000,
1463529549,0.007288,0.091352,0.001812,0.027405,54000,
1463529550,0.227263,0.098564,0.001812,0.088632,54000,
1463529550,0.235690,0.093756,0.001812,0.047502,54000,
1463529550,0.340816,0.100968,0.002718,0.071398,54000,
1463529550,0.125664,0.096160,0.001812,0.059519,54000,
1463529551,0.386319,0.100968,0.001812,0.061500,54000,
1463529551,0.404478,0.098564,0.001812,0.038130,54000,
1463529551,0.064032,0.094958,0.002718,0.092332,54000,
1463529552,0.459942,0.097362,0.001812,0.017192,54000,
1463529552,0.042182,0.092554,0.001812,0.027440,54000,
1463529552,0.007328,0.099766,0.002718,0.101007,54000,
1463529553,0.389060,0.092554,0.001812,0.017370,54000,
1463529553,0.016398,0.096160,0.001812,0.051940,54000,
1463529553,0.245616,0.100968,0.002718,0.076322,54000,
1463529553,0.159210,0.091352,0.002718,0.022323,54000,
1463529554,0.058149,0.100968,0.001812,0.086286,54000,
1463529554,0.009110,0.090150,0.001812,0.014175,54000,
1463529554,0.007288,0.090150,0.002718,0.016065,54000,
1463529555,0.007288,0.090150,0.002715,0.014175,54000,
1463529555,0.007288,0.090150,0.002718,0.015120,54000,
1463529555,0.007288,0.098564,0.001812,0.083582,54000,
1463529555,0.480891,0.092554,0.001812,0.017192,54000,
1463529556,0.097552,0.090150,0.001812,0.016660,54000,
1463529556,0.007288,0.090150,0.001812,0.013230,54000,
1463529556,0.007288,0.090150,0.001810,0.012285,54000,
1463529557,0.007288,0.090150,0.002718,0.014175,54000,
1463529557,0.007288,0.090150,0.001810,0.016065,53000,
1463529557,0.007288,0.092554,0.002715,0.023280,53000,
1463529557,0.007288,0.090150,0.002715,0.014175,53000,
1463529558,0.007288,0.090150,0.001810,0.015120,53000,
1463529558,0.007288,0.090150,0.001812,0.014175,53000,
1463529558,0.007288,0.088948,0.002718,0.014175,53000,
1463529559,0.007288,0.090150,0.001812,0.012285,53000,
1463529559,0.007288,0.090150,0.001812,0.051030,53000,
1463529559,0.007288,0.115392,0.001812,0.061275,53000,
1463529560,0.007288,0.088948,0.001812,0.014175,53000,
1463529560,0.007288,0.091352,0.001812,0.013230,53000,
1463529560,0.007288,0.088948,0.001812,0.015120,53000,
1463529560,0.007288,0.092554,0.001812,0.079695,53000,
1463529561,0.356724,0.102170,0.001810,0.030750,54000,
1463529561,0.096305,0.091352,0.001812,0.016966,54000,
1463529561,0.007288,0.090150,0.001812,0.014175,54000,
1463529562,0.007288,0.090150,0.001812,0.014175,54000,
1463529562,0.007288,0.090150,0.001810,0.013230,53000,
1463529562,0.007288,0.091352,0.001812,0.021781,53000,
1463529562,0.007288,0.094958,0.002715,0.019520,53000,
1463529563,0.007288,0.091352,0.001810,0.015120,53000,
1463529563,0.007288,0.088948,0.001812,0.013230,53000,
1463529563,0.007288,0.090150,0.001810,0.016065,53000,
1463529564,0.007288,0.088948,0.001810,0.013230,53000,
1463529564,0.007288,0.088948,0.001812,0.009450,53000,
1463529564,0.007288,0.103372,0.001812,0.083000,53000,
1463529565,0.007288,0.098564,0.001812,0.035574,53000,
1463529565,0.007288,0.090150,0.001812,0.014175,53000,
1463529565,0.007288,0.090150,0.001812,0.015120,53000,
1463529565,0.007288,0.090150,0.001812,0.014175,53000,
1463529566,0.007288,0.097362,0.001812,0.075258,57000,
1463529566,0.265768,0.096160,0.001812,0.049200,57000,
1463529566,0.089088,0.090150,0.001812,0.018306,57000,
1463529567,0.007288,0.088948,0.001812,0.012285,57000,
1463529567,0.007288,0.090150,0.001812,0.014175,53000,
1463529567,0.007288,0.090150,0.001812,0.014175,53000,
1463529568,0.007288,0.094958,0.002715,0.022824,53000,
1463529568,0.007288,0.090150,0.001812,0.016320,53000,
1463529568,0.007288,0.090150,0.001812,0.013230,53000,
1463529568,0.007288,0.090150,0.002718,0.014175,53000,
1463529569,0.007288,0.090150,0.001812,0.012285,53000,
1463529569,0.007288,0.088948,0.001812,0.012285,53000,
1463529569,0.007288,0.090150,0.001812,0.014175,53000,
1463529570,0.007288,0.088948,0.001812,0.079542,53000,
1463529570,0.007288,0.114190,0.002718,0.036040,53000,
1463529570,0.007288,0.088948,0.001812,0.014175,53000,
1463529570,0.007288,0.088948,0.001810,0.013230,53000,
1463529571,0.007288,0.091352,0.001812,0.016065,53000,
1463529571,0.007288,0.092554,0.001812,0.100737,53000,
1463529571,0.364203,0.100968,0.001812,0.017038,53000,
1463529572,0.077028,0.090150,0.002718,0.013230,53000,
1463529572,0.007288,0.091352,0.001812,0.013230,53000,
1463529572,0.007288,0.092554,0.001812,0.014175,53000,
1463529573,0.007288,0.090150,0.001812,0.013230,53000,
1463529573,0.007288,0.090150,0.001812,0.022968,53000,
1463529573,0.007288,0.091352,0.001812,0.015408,53000,
1463529573,0.007288,0.090150,0.001812,0.014175,53000,
1463529574,0.007288,0.091352,0.001810,0.012285,53000,
1463529574,0.007288,0.090150,0.001812,0.014175,53000,
1463529574,0.007288,0.090150,0.001812,0.013230,53000,
1463529575,0.007288,0.090150,0.001810,0.016065,53000,
1463529575,0.007288,0.105776,0.001810,0.109695,53000,
1463529575,0.007288,0.098564,0.001812,0.022990,53000,
1463529575,0.007288,0.090150,0.001810,0.014175,53000,
1463529576,0.007288,0.091352,0.002718,0.014175,53000,
1463529576,0.007288,0.088948,0.001810,0.016065,53000,
1463529576,0.007288,0.097362,0.001812,0.106820,53000,
1463529577,0.309442,0.097362,0.002718,0.017192,53000,
1463529577,0.007288,0.088948,0.001810,0.011340,53000,
1463529577,0.007288,0.090150,0.001812,0.015120,53000,
1463529578,0.007288,0.090150,0.002718,0.014175,53000,
1463529578,0.007288,0.091352,0.001812,0.015120,53000,
1463529578,0.007288,0.094958,0.002718,0.039774,53000,
1463529578,0.007288,0.093756,0.001812,0.024311,53000,
1463529579,0.007288,0.090150,0.002718,0.013230,53000,
1463529579,0.007288,0.090150,0.001812,0.014175,53000,
1463529579,0.007288,0.088948,0.001812,0.010395,53000,
1463529580,0.007288,0.088948,0.002718,0.014175,53000,
1463529580,0.007288,0.091352,0.001812,0.015120,53000,
1463529580,0.007288,0.111786,0.002718,0.091696,53000,
1463529580,0.007288,0.111786,0.001810,0.016626,53000,
1463529581,0.007288,0.088948,0.001810,0.014175,53000,
1463529581,0.007288,0.090150,0.002718,0.014175,53000,
1463529581,0.007288,0.090150,0.001812,0.020790,53000,
1463529582,0.007288,0.093756,0.001812,0.089300,53000,
1463529582,0.029152,0.090150,0.001812,0.014175,53000,
1463529582,0.007288,0.088948,0.001812,0.015120,53000,
1463529583,0.007288,0.087746,0.002718,0.014175,53000,
1463529583,0.007288,0.088948,0.001812,0.014175,53000,
1463529583,0.007288,0.090150,0.001812,0.013230,53000,
1463529583,0.007288,0.091352,0.002718,0.024200,53000,
1463529584,0.007288,0.092554,0.001812,0.015248,53000,
1463529584,0.007288,0.090150,0.001812,0.014175,53000,
1463529584,0.007288,0.088948,0.001812,0.011340,53000,
1463529585,0.007288,0.090150,0.002718,0.016065,53000,
1463529585,0.007288,0.090150,0.001812,0.014175,53000,
1463529585,0.007288,0.090150,0.001812,0.014175,53000,
1463529585,0.007288,0.108180,0.001812,0.145383,53000,
1463529586,0.007288,0.094958,0.001812,0.018962,53000,
1463529586,0.007288,0.091352,0.002718,0.013230,53000,
1463529586,0.007288,0.090150,0.001812,0.015120,53000,
1463529587,0.007288,0.090150,0.001812,0.022680,53000,
1463529587,0.374142,0.096160,0.002715,0.016464,53000,
1463529587,0.027450,0.091352,0.002715,0.014175,53000,
1463529588,0.007288,0.088948,0.001810,0.014175,53000,
1463529588,0.007288,0.088948,0.002715,0.016065,53000,
1463529588,0.007288,0.088948,0.002718,0.014175,53000,
1463529588,0.007288,0.088948,0.001812,0.014175,53000,
1463529589,0.007288,0.092554,0.002718,0.025116,53000,
1463529589,0.007288,0.088948,0.002718,0.013230,53000,
1463529589,0.007288,0.091352,0.001812,0.017955,53000,
1463529590,0.007288,0.090150,0.001812,0.013230,53000,
1463529590,0.007288,0.088948,0.001812,0.013230,53000,
1463529590,0.007288,0.090150,0.001812,0.015120,53000,
1463529590,0.006377,0.091352,0.001812,0.014175,53000,
1463529591,0.007288,0.122604,0.001812,0.169524,57000,
1463529591,0.389256,0.093756,0.002718,0.019376,57000,
1463529591,0.125450,0.100968,0.001812,0.101638,57000,
1463529592,0.410060,0.093756,0.001812,0.021348,57000,
1463529592,0.080926,0.100968,0.002718,0.091260,58000,
1463529592,0.395015,0.092554,0.002718,0.024318,58000,
1463529592,0.007288,0.088948,0.002718,0.009450,58000,
1463529593,0.007288,0.088948,0.002718,0.016065,53000,
1463529593,0.007288,0.088948,0.001810,0.039040,53000,
1463529593,0.019278,0.094958,0.002718,0.078784,53000,
1463529594,0.368524,0.097362,0.001812,0.066434,53000,
1463529594,0.170384,0.099766,0.002718,0.055350,55000,
1463529594,0.269660,0.094958,0.002718,0.082271,55000,
1463529594,0.227934,0.100968,0.002715,0.036900,55000,
1463529595,0.259347,0.096160,0.002718,0.100303,58000,
1463529595,0.284648,0.100968,0.002718,0.017192,58000,
1463529595,0.136565,0.093756,0.002715,0.101430,58000,
1463529596,0.341760,0.099766,0.002718,0.017192,58000,
1463529596,0.007288,0.098564,0.001812,0.094484,54000,
1463529596,0.366067,0.096160,0.002718,0.013512,54000,
1463529596,0.031850,0.094958,0.002718,0.089910,54000,
1463529597,0.465864,0.100968,0.002718,0.015730,55000,
1463529597,0.138024,0.092554,0.002718,0.033005,55000,
1463529597,0.007288,0.099766,0.002718,0.089762,55000,
1463529598,0.329975,0.093756,0.002718,0.015470,54000,
1463529598,0.066503,0.091352,0.002718,0.014175,54000,
1463529598,0.007288,0.090150,0.002718,0.014175,54000,
1463529599,0.007288,0.090150,0.002715,0.014175,54000,
1463529599,0.007288,0.091352,0.002718,0.070380,54000,
1463529599,0.313306,0.094958,0.002718,0.092250,54000,
1463529599,0.266303,0.099766,0.002718,0.023332,54000,
1463529600,0.147645,0.094958,0.002718,0.124080,56000,
1463529600,0.463158,0.115392,0.002715,0.017192,56000,
1463529600,0.213060,0.098564,0.002718,0.093790,56000,
1463529601,0.398692,0.097362,0.002718,0.020587,56000,
1463529601,0.139854,0.099766,0.002715,0.100496,58000,
1463529601,0.513024,0.097362,0.002718,0.017640,58000,
1463529601,0.141636,0.094958,0.002718,0.039401,58000,
1463529602,0.007288,0.099766,0.002718,0.084939,55000,
1463529602,0.405460,0.091352,0.002718,0.019476,55000,
1463529602,0.470220,0.092554,0.002718,0.016212,55000,
1463529603,0.113740,0.094958,0.002718,0.049980,55000,
1463529603,0.007288,0.099766,0.002718,0.087401,58000,
1463529603,0.334900,0.091352,0.002718,0.015050,58000,
1463529603,0.059215,0.090150,0.002718,0.014175,58000,
1463529604,0.007288,0.090150,0.002715,0.014175,54000,
1463529604,0.007288,0.090150,0.002718,0.013230,54000,
1463529604,0.007288,0.097362,0.002718,0.097552,54000,
1463529605,0.240284,0.092554,0.002715,0.017192,54000,
1463529605,0.173850,0.102170,0.002715,0.110446,58000,
1463529605,0.318970,0.102170,0.002718,0.017192,58000,
1463529605,0.373262,0.099766,0.002715,0.023860,58000,
1463529606,0.065660,0.093756,0.002718,0.099760,58000,
1463529606,0.385140,0.102170,0.002718,0.026611,58000,
1463529606,0.065746,0.093756,0.002715,0.100464,58000,
1463529607,0.383344,0.099766,0.002718,0.013572,58000,
1463529607,0.110040,0.090150,0.002718,0.065390,54000,
1463529607,0.007288,0.100968,0.002718,0.153216,54000,
1463529607,0.007288,0.096160,0.002718,0.019845,54000,
1463529608,0.007288,0.094958,0.001812,0.101844,55000,
1463529608,0.334503,0.100968,0.002715,0.018195,55000,
1463529608,0.143184,0.090150,0.002715,0.033948,55000,
1463529609,0.353444,0.094958,0.002718,0.014586,55000,
1463529609,0.051016,0.091352,0.002718,0.014175,54000,
1463529609,0.007288,0.090150,0.002718,0.014175,54000,
1463529609,0.007288,0.090150,0.002718,0.013230,54000,
1463529610,0.007288,0.090150,0.002718,0.058928,54000,
1463529610,0.009170,0.099766,0.002718,0.052890,54000,
1463529610,0.435556,0.094958,0.001812,0.084000,54000,
1463529611,0.126862,0.100968,0.002718,0.029520,54000,
1463529611,0.444190,0.093756,0.002718,0.100125,54000,
1463529611,0.211050,0.102170,0.002718,0.017192,54000,
1463529611,0.325440,0.093756,0.002718,0.094500,54000,
1463529612,0.174384,0.098564,0.002718,0.094039,54000,
1463529612,0.408496,0.096160,0.002715,0.016702,54000,
1463529612,0.167960,0.094958,0.002718,0.038663,54000,
1463529613,0.008199,0.099766,0.002715,0.096096,54000,
1463529613,0.337908,0.092554,0.002718,0.015218,55000,
1463529613,0.086450,0.096160,0.002718,0.095641,55000,
1463529613,0.113775,0.096160,0.002718,0.033156,55000,
1463529614,0.274122,0.092554,0.002718,0.038608,54000,
1463529614,0.014576,0.100968,0.002718,0.071398,54000,
1463529614,0.539736,0.091352,0.002718,0.023496,54000,
1463529615,0.007288,0.090150,0.002718,0.011340,54000,
1463529615,0.007288,0.090150,0.001812,0.014175,54000,
1463529615,0.007288,0.097362,0.001812,0.091160,54000,
1463529616,0.118364,0.094958,0.002718,0.017192,54000,
1463529616,0.343018,0.100968,0.002715,0.100125,54000,
1463529616,0.223958,0.092554,0.002715,0.017192,54000,
1463529616,0.302940,0.103372,0.002718,0.104625,54000,
1463529617,0.315112,0.093756,0.002718,0.019232,54000,
1463529617,0.128520,0.100968,0.002718,0.097920,54000,
1463529617,0.373842,0.100968,0.002718,0.024696,54000,
1463529618,0.081867,0.094958,0.002718,0.090629,54000,
1463529618,0.415350,0.099766,0.002718,0.021660,54000,
1463529618,0.264880,0.099766,0.002718,0.017052,54000,
1463529618,0.192960,0.093756,0.002718,0.033948,54000,
1463529619,0.007288,0.093756,0.002718,0.093990,55000,
1463529619,0.330030,0.099766,0.002718,0.015708,55000,
1463529619,0.124576,0.091352,0.002715,0.096750,55000,
1463529620,0.313208,0.100968,0.002718,0.021474,55000,
1463529620,0.210045,0.091352,0.002718,0.016065,54000,
1463529620,0.007288,0.088948,0.002718,0.014175,54000,
1463529620,0.007288,0.088948,0.002718,0.015120,54000,
1463529621,0.007288,0.091352,0.002715,0.020790,58000,
1463529621,0.485601,0.094958,0.002718,0.033960,58000,
1463529621,0.047226,0.098564,0.002718,0.089863,58000,
1463529622,0.444765,0.093756,0.002715,0.050625,58000,
1463529622,0.035529,0.100968,0.002718,0.071398,55000,
1463529622,0.453964,0.093756,0.002718,0.073190,55000,
1463529622,0.071969,0.102170,0.002718,0.040590,55000,
1463529623,0.382464,0.094958,0.002718,0.093375,58000,
1463529623,0.086480,0.099766,0.002718,0.024560,58000,
1463529623,0.422994,0.091352,0.002718,0.038608,58000,
1463529624,0.016398,0.100968,0.002718,0.071398,58000,
1463529624,0.563794,0.093756,0.002718,0.018122,55000,
1463529624,0.070147,0.094958,0.002715,0.103887,55000,
1463529624,0.118656,0.102170,0.002718,0.014994,55000,
1463529625,0.010021,0.102170,0.001812,0.053901,55000,
1463529625,0.408775,0.090150,0.002718,0.065243,55000,
1463529625,0.052838,0.090150,0.002718,0.012720,55000,
1463529626,0.007288,0.090150,0.001812,0.014175,55000,
1463529626,0.007288,0.090150,0.002718,0.013230,54000,
1463529626,0.007288,0.094958,0.002718,0.015120,54000,
1463529626,0.139800,0.096160,0.001812,0.098100,54000,
1463529627,0.308160,0.099766,0.002718,0.017192,55000,
1463529627,0.221605,0.092554,0.002715,0.100056,55000,
1463529627,0.206830,0.098564,0.002718,0.020519,55000,
1463529628,0.342720,0.094958,0.002718,0.092988,55000,
1463529628,0.383370,0.093756,0.002715,0.090629,56000,
1463529628,0.080676,0.100968,0.002715,0.028500,56000,
1463529628,0.360144,0.091352,0.002718,0.094614,56000,
1463529629,0.126480,0.097362,0.002718,0.013380,54000,
1463529629,0.007288,0.096160,0.002718,0.075628,54000,
1463529629,0.442668,0.096160,0.002718,0.040590,54000,
1463529630,0.024597,0.096160,0.002715,0.028448,54000,
1463529630,0.233368,0.100968,0.002718,0.104625,55000,
1463529630,0.178600,0.093756,0.001812,0.015561,55000,
1463529630,0.007288,0.097362,0.002715,0.078600,55000,
1463529631,0.553334,0.096160,0.001812,0.029472,54000,
1463529631,0.007288,0.090150,0.001810,0.015120,54000,
1463529631,0.007288,0.088948,0.002715,0.008505,54000,
1463529632,0.007288,0.090150,0.001810,0.015120,54000,
1463529632,0.007288,0.093756,0.001810,0.020790,54000,
1463529632,0.405000,0.099766,0.001810,0.095432,54000,
1463529632,0.087178,0.088948,0.002715,0.013464,54000,
1463529633,0.007288,0.091352,0.002715,0.015120,54000,
1463529633,0.007288,0.090150,0.001812,0.014175,54000,
1463529633,0.007288,0.090150,0.001810,0.014175,54000,
1463529634,0.007288,0.090150,0.001812,0.013230,54000,
1463529634,0.007288,0.094958,0.001812,0.019340,54000,
1463529634,0.007288,0.088948,0.001812,0.015152,54000,
1463529635,0.007288,0.090150,0.001812,0.014175,54000,
1463529635,0.007288,0.090150,0.001812,0.013230,53000,
1463529635,0.007288,0.088948,0.001812,0.015120,53000,
1463529635,0.007288,0.090150,0.001812,0.014175,53000,
1463529636,0.007288,0.091352,0.001812,0.014175,53000,
1463529636,0.007288,0.106978,0.001812,0.013230,53000,
1463529636,0.007288,0.090150,0.001812,0.016371,53000,
1463529637,0.007288,0.090150,0.001812,0.009450,53000,
1463529637,0.007288,0.091352,0.001812,0.014175,53000,
1463529637,0.007288,0.098564,0.001812,0.024570,53000,
1463529637,0.324480,0.092554,0.001812,0.096066,53000,
1463529638,0.116235,0.090150,0.002718,0.015960,53000,
1463529638,0.007288,0.091352,0.001812,0.014175,53000,
1463529638,0.007288,0.088948,0.001812,0.016065,53000,
1463529639,0.007288,0.088948,0.001812,0.016065,53000,
1463529639,0.007288,0.094958,0.001810,0.014175,53000,
1463529639,0.007288,0.088948,0.001812,0.023304,53000,
1463529640,0.007288,0.088948,0.001812,0.016167,53000,
1463529640,0.007288,0.090150,0.002718,0.014175,53000,
1463529640,0.007288,0.090150,0.001812,0.015120,53000,
1463529640,0.007288,0.091352,0.001812,0.014175,53000,
1463529641,0.007288,0.090150,0.001812,0.015120,53000,
1463529641,0.007288,0.091352,0.001812,0.014175,53000,
1463529641,0.007288,0.118998,0.001812,0.016065,53000,
1463529642,0.007288,0.090150,0.001812,0.016677,53000,
1463529642,0.007288,0.088948,0.001812,0.009450,53000,
1463529642,0.007288,0.088948,0.001812,0.016065,53000,
1463529642,0.268664,0.092554,0.001812,0.025515,53000,
1463529643,0.145920,0.100968,0.001812,0.097608,54000,
1463529643,0.007288,0.090150,0.002718,0.017355,54000,
1463529643,0.007288,0.090150,0.001812,0.014175,54000,
1463529644,0.007288,0.090150,0.001812,0.017010,54000,
1463529644,0.007288,0.088948,0.001812,0.013230,53000,
1463529644,0.007288,0.088948,0.001812,0.013230,53000,
1463529645,0.007288,0.093756,0.001812,0.019320,53000,
1463529645,0.007288,0.090150,0.001812,0.013230,53000,
1463529645,0.007288,0.088948,0.001812,0.016065,53000,
1463529645,0.007288,0.088948,0.001812,0.013230,53000,
1463529646,0.007288,0.090150,0.001812,0.014175,53000,
1463529646,0.007288,0.090150,0.001810,0.014175,53000,
1463529646,0.007288,0.090150,0.001812,0.015120,53000,
1463529647,0.007288,0.092554,0.001812,0.087330,53000,
1463529647,0.007288,0.091352,0.001812,0.012363,53000,
1463529647,0.007288,0.091352,0.001812,0.011340,53000,
1463529647,0.007288,0.090150,0.001812,0.014175,53000,
1463529648,0.397397,0.098564,0.001810,0.039442,55000,
1463529648,0.101442,0.092554,0.001812,0.078784,55000,
1463529648,0.007288,0.088948,0.001812,0.014952,55000,
1463529649,0.007288,0.087746,0.001812,0.015120,55000,
1463529649,0.007288,0.090150,0.001812,0.014175,53000,
1463529649,0.007288,0.090150,0.001812,0.013230,53000,
1463529650,0.007288,0.100968,0.001812,0.010395,53000,
1463529650,0.007288,0.091352,0.002715,0.049679,53000,
1463529650,0.007288,0.088948,0.002718,0.017226,53000,
1463529650,0.007288,0.090150,0.001812,0.014175,53000,
1463529651,0.007288,0.090150,0.002718,0.015120,53000,
1463529651,0.007288,0.090150,0.001812,0.014175,53000,
1463529651,0.007288,0.090150,0.002718,0.014175,53000,
1463529652,0.007288,0.090150,0.001812,0.013230,53000,
1463529652,0.007288,0.090150,0.001812,0.095533,53000,
1463529652,0.007288,0.090150,0.001810,0.012415,53000,
1463529652,0.007288,0.090150,0.002718,0.011340,53000,
1463529653,0.007288,0.093756,0.001812,0.015120,53000,
1463529653,0.310726,0.100968,0.001810,0.035834,53000,
1463529653,0.101844,0.090150,0.002718,0.094864,53000,
1463529654,0.007288,0.090150,0.001810,0.014170,53000,
1463529654,0.007288,0.090150,0.001812,0.013230,53000,
1463529654,0.007288,0.090150,0.001812,0.014175,53000,
1463529655,0.007288,0.090150,0.001812,0.016065,53000,
1463529655,0.007288,0.091352,0.001810,0.010395,53000,
1463529655,0.007288,0.092554,0.001812,0.022149,53000,
1463529655,0.007288,0.090150,0.001810,0.014175,53000,
1463529656,0.007288,0.088948,0.001810,0.014175,53000,
1463529656,0.007288,0.090150,0.002718,0.014175,53000,
1463529656,0.007288,0.090150,0.001812,0.015120,53000,
1463529657,0.007288,0.090150,0.001812,0.013230,53000,
1463529657,0.007288,0.110584,0.001810,0.031185,53000,
1463529657,0.007288,0.099766,0.002718,0.125190,53000,
1463529657,0.007288,0.090150,0.001812,0.011496,53000,
1463529658,0.007288,0.088948,0.001812,0.014175,53000,
1463529658,0.007288,0.090150,0.001812,0.016065,53000,
1463529658,0.462049,0.099766,0.002718,0.072450,53000,
1463529659,0.038472,0.092554,0.001812,0.040590,53000,
1463529659,0.007288,0.090150,0.001812,0.015075,53000,
1463529659,0.007288,0.090150,0.002718,0.014175,53000,
1463529660,0.007288,0.088948,0.001812,0.014175,53000,
1463529660,0.007288,0.091352,0.001812,0.014175,53000,
1463529660,0.007288,0.092554,0.001812,0.017955,53000,
1463529660,0.007288,0.088948,0.001812,0.021406,53000,
1463529661,0.007288,0.090150,0.001812,0.014175,53000,
1463529661,0.007288,0.090150,0.002718,0.013230,53000,
1463529661,0.007288,0.088948,0.001812,0.014175,53000,
1463529662,0.007288,0.090150,0.001812,0.013230,53000,
1463529662,0.007288,0.091352,0.001812,0.013230,53000,
1463529662,0.007288,0.111786,0.001810,0.075392,53000,
1463529662,0.007288,0.091352,0.001812,0.040896,53000,
1463529663,0.007288,0.090150,0.001812,0.012285,53000,
1463529663,0.007288,0.088948,0.002718,0.015120,53000,
1463529663,0.007288,0.092554,0.001812,0.015120,53000,
1463529664,0.352950,0.099766,0.001812,0.067122,53000,
1463529664,0.038682,0.091352,0.001812,0.055350,53000,
1463529664,0.007288,0.088948,0.001812,0.017476,53000,
1463529665,0.007288,0.088948,0.002718,0.015120,53000,
1463529665,0.007288,0.091352,0.002718,0.016065,53000,
1463529665,0.007288,0.092554,0.001810,0.009450,53000,
1463529665,0.007288,0.090150,0.002715,0.020856,53000,
1463529666,0.007288,0.090150,0.001812,0.016337,53000,
1463529666,0.007288,0.090150,0.002718,0.014175,53000,
1463529666,0.007288,0.091352,0.002718,0.016065,53000,
1463529667,0.007288,0.090150,0.002718,0.014175,53000,
1463529667,0.007288,0.090150,0.001812,0.014175,53000,
1463529667,0.007288,0.090150,0.001810,0.014175,53000,
1463529667,0.322560,0.114190,0.001810,0.083248,53000,
1463529668,0.108675,0.102170,0.002718,0.099792,54000,
1463529668,0.371893,0.096160,0.002718,0.059519,54000,
1463529668,0.102850,0.096160,0.002718,0.065243,54000,
1463529669,0.377325,0.100968,0.002718,0.076568,54000,
